0.557129
0.822146
-0.730882
0.831714
1.371884
-0.113277
1.445323
0.636002
0.489939
0.693733
0.649262
-0.230049
1.180558
0.576020
0.785623
0.645541
0.464455
1.451127
0.080033
0.734314
0.569565
0.355306
0.663203
0.998272
1.115842
-0.748666
0.604919
0.500798
0.772155
0.555346
0.693385
0.757744
0.644787
0.786692
-0.699203
0.843875
0.823648
0.715953
0.780159
1.043095
0.845919
0.877021
0.764904
0.681711
0.267207
0.556738
0.516457
0.969281
-0.393879
0.757097
0.774202
0.823937
0.357049
0.691379
0.742196
0.667294
1.271708
-0.459987
0.657876
0.772047
0.909556
-0.170554
0.772048
0.774824
0.763524
0.916380
0.782327
0.850171
0.881176
0.783278
0.940773
0.520768
0.516636
0.803915
0.653124
-0.108357
0.200899
-0.998922
0.857624
0.675963
1.097344
0.621974
0.711727
0.637226
0.943706
0.596183
0.766817
0.353116
-0.627192
0.679287
0.726168
0.798250
0.521527
0.720773
0.900063
0.721437
0.622420
0.719205
1.473069
0.553467
0.715855
0.657328
0.823072
-0.324497
0.584575
0.829713
0.720132
0.748936
0.420474
0.310523
-0.952032
0.516162
0.671970
1.291309
0.918569
0.786658
0.689154
0.838923
-1.543761
0.719323
0.614294
0.559911
-0.157127
0.675507
0.680248
0.476522
0.767309
1.226583
1.452244
0.845950
1.101144
0.569234
0.178800
0.706441
0.343414
0.717730
1.140305
0.862937
0.776191
1.015259
1.388444
0.821757
0.755424
-0.967083
0.732022
-0.519988
0.835508
0.599194
0.451896
0.996951
0.799628
0.775076
0.407751
0.735427
0.865400
0.865946
0.849658
0.091647
0.853490
0.689333
0.770189
0.568674
0.722321
0.743510
0.708801
0.739731
0.678164
0.250980
0.940607
0.648395
0.774405
0.974474
0.594272
1.156934
0.838938
0.330421
0.056338
0.796572
0.906886
0.721256
0.453375
-0.744303
1.327761
0.651852
-0.449409
1.094300
0.698689
0.665471
0.903422
0.612631
0.772107
0.771040
0.745297
0.761902
0.693530
0.758671
-0.012093
0.496469
0.757016
1.078759
