0.000606
0.000064
0.010405
0.000158
-0.002516
-0.004933
-0.000165
-0.000097
-0.000141
-0.000208
-0.000006
0.001321
0.000226
-0.000069
-0.000071
-0.001663
-0.000948
0.002401
0.002086
0.000354
-0.001865
0.003473
0.000161
-0.001642
0.000624
-0.003996
-0.000296
0.000066
0.000144
-0.000180
-0.000132
0.000112
-0.000073
0.000041
-0.011393
-0.000029
-0.000030
-0.000088
-0.000082
0.001158
-0.000075
0.000011
0.000054
-0.000080
0.000328
-0.000057
0.000261
0.001879
-0.001817
0.000056
-0.000101
0.000093
0.001682
0.000049
0.000171
-0.000160
0.000634
-0.002231
-0.000006
0.003426
-0.000146
-0.005709
-0.000306
-0.000083
-0.000289
0.000650
0.000127
-0.000241
-0.000123
-0.000178
-0.001364
0.000117
-0.001697
0.000093
-0.000256
-0.005551
-0.001687
-0.003562
0.003545
0.000082
-0.000928
0.000031
-0.000042
-0.000010
0.000328
-0.000217
-0.000013
0.000055
0.002495
-0.000063
-0.000495
0.000068
0.000213
0.000317
0.000035
0.000412
0.000218
0.000100
0.002506
0.000018
-0.000112
-0.000269
-0.000072
-0.000408
0.000104
-0.000280
0.000066
0.000071
0.000115
-0.001363
0.000466
-0.000169
0.000098
0.003315
0.001513
-0.000226
-0.000384
-0.000060
0.001851
-0.000021
-0.010139
-0.000921
-0.001283
-0.001179
-0.001269
0.000941
-0.000153
0.001751
-0.001912
-0.000051
-0.000660
-0.000059
0.000100
0.000017
0.000961
0.000553
0.001325
0.000012
0.000332
-0.000657
-0.000186
0.000944
-0.000281
-0.002405
-0.000180
0.003136
0.000006
0.001215
-0.000612
0.000554
0.000257
0.000167
0.000285
-0.000061
0.000196
-0.000234
0.000046
-0.001026
-0.000213
-0.000112
-0.000123
0.000124
-0.000075
-0.000087
0.000131
0.000285
-0.000053
-0.004461
-0.000058
0.000064
-0.003502
-0.000088
0.000449
0.001455
0.000848
-0.001504
0.001634
-0.000298
-0.000079
-0.000226
0.000983
0.000729
-0.000809
0.000255
0.000544
0.001010
-0.000612
0.001279
0.000613
0.000210
-0.001380
-0.000124
0.003899
-0.000200
-0.000076
0.000177
-0.001143
-0.000280
-0.000014
0.000559
