0.147775
-0.034424
3.217739
0.393164
1.456905
2.843328
0.458971
-0.057453
0.316539
0.048543
-0.091684
2.732158
0.195600
0.128453
-0.017416
0.740426
1.885510
0.468623
2.979515
-0.035691
1.013880
2.148140
-0.007965
2.066543
2.074700
3.026960
0.114073
0.038085
-0.041833
0.353115
0.092706
-0.038867
-0.162371
0.097566
3.058731
-0.031865
-0.003702
0.019682
-0.107456
1.791768
0.066794
-0.036851
-0.056482
0.069608
2.311093
0.027372
0.097225
1.990903
2.783276
0.019352
-0.096318
-0.110868
1.982970
0.331114
-0.109476
0.069100
0.349234
3.168276
-0.091189
1.981164
-0.037308
2.765001
0.108572
0.209963
-0.047975
1.671531
-0.039681
0.215084
0.013736
0.179307
0.629406
0.108548
1.757927
-0.099962
-0.031073
2.759371
2.652472
3.073076
0.943401
0.896626
0.154640
0.852116
0.003721
0.078366
0.030874
0.930820
-0.054429
0.204761
2.889843
-0.152524
0.269188
-0.005790
0.225006
0.140024
0.817550
1.367728
0.047277
-0.027363
1.143761
2.382336
-0.078001
0.089890
0.063530
2.660708
-0.015674
-0.007097
0.017285
-0.072450
2.789579
2.433812
2.687365
0.193562
-0.044403
1.567738
0.847416
-0.048208
0.263084
-0.086731
3.062937
-0.003204
2.681751
2.427590
2.860901
2.105895
1.895973
2.627133
-0.057474
1.125842
0.510839
0.099415
0.783065
0.036098
1.855578
-0.118186
2.393576
0.827021
1.819363
-0.052298
0.052740
2.582828
0.926081
0.233779
0.099064
3.118154
-0.021973
2.939967
0.169317
0.586396
2.697733
1.674871
0.050383
-0.042836
2.171584
-0.036971
0.374937
0.030574
-0.014351
2.782923
0.031641
0.123781
0.003056
0.106144
0.714400
0.087841
-0.058858
0.521921
0.070587
2.992131
-0.038132
-0.052529
2.243144
1.533263
0.429386
0.172922
2.419483
1.936586
2.700566
0.585916
-0.066995
0.085574
0.443419
2.944347
0.506317
0.062139
2.881928
0.660174
0.402773
2.670078
0.128606
0.051366
1.767120
-0.003523
1.965748
-0.030230
0.027323
0.070611
2.004583
0.217281
-0.059777
1.085300
