0.147701
-0.034413
3.218198
0.392666
1.456811
2.842903
0.458756
-0.057520
0.316750
0.048493
-0.091618
2.732554
0.195679
0.128531
-0.017495
0.739142
1.885203
0.468890
2.978892
-0.035721
1.013544
2.146775
-0.008020
2.065219
2.074843
3.027153
0.114126
0.038088
-0.041884
0.353065
0.092370
-0.038937
-0.162417
0.097132
3.058624
-0.031928
-0.003719
0.019686
-0.107392
1.790688
0.066702
-0.036919
-0.056470
0.069302
2.310997
0.027330
0.097206
1.990523
2.782981
0.019210
-0.096276
-0.110846
1.981955
0.330728
-0.109429
0.068992
0.348802
3.168095
-0.091206
1.981229
-0.037456
2.764892
0.108439
0.209558
-0.047973
1.670807
-0.039674
0.214597
0.013730
0.179042
0.628290
0.108496
1.757795
-0.100051
-0.031118
2.759447
2.652521
3.072904
0.943407
0.895816
0.154569
0.851718
0.003633
0.078429
0.030820
0.929517
-0.054438
0.204836
2.890290
-0.152420
0.268836
-0.005862
0.224934
0.139976
0.816883
1.367829
0.047160
-0.027464
1.143610
2.381789
-0.078030
0.089628
0.063495
2.660642
-0.015681
-0.007082
0.017238
-0.072408
2.789334
2.434031
2.687585
0.193457
-0.044433
1.567565
0.847203
-0.048259
0.262558
-0.086785
3.062948
-0.003270
2.681821
2.426601
2.860193
2.105380
1.895794
2.627235
-0.057450
1.125240
0.511434
0.099029
0.783083
0.036208
1.855072
-0.118190
2.392938
0.826915
1.819084
-0.052391
0.052691
2.582769
0.924949
0.233846
0.098659
3.117980
-0.022066
2.939572
0.168912
0.586206
2.697628
1.675442
0.050506
-0.042835
2.171481
-0.036962
0.374575
0.030633
-0.014339
2.783175
0.031665
0.123470
0.002899
0.105994
0.714339
0.087648
-0.058826
0.521901
0.070581
2.992084
-0.038271
-0.052511
2.243081
1.532908
0.428885
0.172853
2.418669
1.937596
2.700514
0.585021
-0.067083
0.085232
0.443358
2.944221
0.505810
0.061940
2.881959
0.659269
0.402927
2.669212
0.128757
0.051448
1.766127
-0.003602
1.965546
-0.030300
0.027188
0.070590
2.004415
0.217105
-0.059829
1.085753
