-0.002310
-0.001429
0.044385
-0.019403
0.006258
0.049507
0.015951
0.000474
0.001614
0.004461
-0.001517
-0.090889
0.004705
0.002568
-0.004075
0.031234
-0.065866
-0.037568
0.192625
-0.003151
0.068819
0.057407
-0.000401
-0.093041
-0.022425
0.209788
0.006648
0.000954
-0.002199
0.018453
-0.006502
-0.000716
0.001679
-0.008971
-0.057961
0.001457
0.000198
-0.002506
0.003891
0.032624
-0.001248
0.002795
0.000086
0.003027
-0.034899
0.001763
-0.003025
-0.000770
0.042691
0.003396
0.006120
-0.001177
0.088403
-0.012228
0.001306
-0.004057
-0.018998
-0.123922
-0.001651
-0.101076
-0.005483
0.033359
0.001508
-0.008819
0.006342
-0.011196
-0.008319
0.002319
0.002580
0.004354
0.049743
-0.006813
0.061171
-0.002853
0.000325
0.046603
-0.026824
-0.240347
-0.105869
-0.025360
-0.007081
-0.028748
0.001262
-0.001791
0.000506
-0.064126
0.000956
0.004960
-0.193062
0.000639
0.001560
-0.004179
0.000780
-0.001856
0.030574
-0.110472
0.002829
-0.001425
-0.031105
-0.037407
-0.000063
0.006784
-0.004740
0.198731
-0.000449
-0.002074
-0.000672
0.001084
-0.101411
0.005047
-0.060259
0.010821
-0.001102
-0.048268
-0.051639
0.002022
0.008668
-0.005861
0.032190
-0.001619
0.155178
-0.043762
0.067907
-0.130870
-0.051922
-0.141193
0.003122
0.027108
-0.042778
-0.004736
-0.014987
0.002539
0.000459
0.001890
0.054819
0.044296
0.057249
0.000502
-0.003895
0.260244
-0.009114
-0.002570
0.009036
0.068487
0.002604
0.044390
0.000494
-0.006388
-0.057999
-0.006942
-0.002402
-0.004379
-0.106615
0.004204
-0.019049
-0.002115
-0.002605
0.070119
-0.000760
-0.003626
0.000143
-0.005096
-0.024251
0.007362
-0.005079
-0.029690
-0.000214
-0.165739
0.009125
0.001969
0.134496
0.103493
-0.011274
0.004207
0.003563
0.126967
0.082949
0.006350
-0.003591
-0.000374
-0.027528
0.209950
0.005349
-0.005114
-0.123321
-0.076412
0.034317
-0.159173
-0.011268
-0.000838
0.056812
0.005486
-0.023320
0.003522
-0.006704
-0.003640
-0.019186
-0.003701
-0.002256
0.019884
-0.012776
0.004001
0.015683
0.018724
-0.083846
0.104344
-0.026490
0.001925
0.008363
0.010235
-0.000655
-0.100186
0.018460
-0.001767
0.003610
0.014512
0.061259
0.031487
-0.118950
-0.009714
0.121393
-0.136621
-0.003958
-0.127972
0.037921
0.160550
0.006477
-0.001925
-0.001595
0.002891
0.004363
-0.008350
0.000949
-0.001331
0.097610
0.002325
0.001365
0.005025
-0.000235
0.044694
-0.002185
0.002335
0.000344
-0.004696
-0.118486
-0.002898
-0.006405
0.055128
0.098373
-0.006243
0.004491
-0.000090
0.015872
0.004982
-0.000507
0.002395
-0.083251
-0.021345
-0.001243
-0.099392
0.004451
-0.244226
0.004787
0.006525
0.000400
0.012093
0.001139
0.001577
0.000590
-0.007298
0.011104
0.001610
-0.078929
-0.000773
0.003845
-0.145593
-0.119532
0.114799
-0.010493
-0.000217
0.021205
0.016049
0.000561
0.000909
-0.001910
-0.006906
0.002130
0.003556
-0.035592
0.000159
-0.001034
-0.001725
-0.006319
0.007551
0.031601
-0.030991
-0.001659
-0.001120
0.005433
-0.011881
0.002960
0.001907
0.003262
-0.022787
-0.000989
0.004869
-0.003305
-0.001353
0.220121
0.212369
0.278024
-0.005040
-0.002475
-0.068962
0.019818
-0.000549
0.010396
0.002657
-0.114242
-0.001803
-0.161880
0.033518
-0.147379
0.008237
-0.066179
-0.026891
0.002828
0.013567
-0.081343
0.001800
0.041443
0.001186
0.058701
-0.000348
0.147340
0.029834
-0.003594
-0.001547
0.003154
-0.061997
-0.054586
-0.024388
0.007207
-0.028029
0.000001
0.036934
-0.005821
-0.011029
-0.134592
0.000783
-0.002312
-0.003267
0.106728
-0.001907
0.001232
0.008748
-0.010065
0.205162
0.002435
-0.006158
0.002260
0.006204
-0.020244
0.001927
-0.000705
-0.008895
-0.001418
-0.150710
0.002230
-0.002301
0.056395
-0.004250
-0.017166
0.026491
0.137172
0.020701
-0.108004
-0.008844
-0.000005
0.003462
-0.018042
0.089390
0.018416
-0.001439
0.201569
-0.073101
0.010386
0.062841
0.010962
-0.006239
0.043095
0.006047
0.014374
0.007546
0.008602
-0.001007
0.057528
-0.008963
0.001667
-0.009941
-0.007503
0.002248
-0.029433
-0.004750
0.035614
0.023166
-0.002868
-0.000634
0.008189
0.000067
0.001984
-0.096073
-0.010869
-0.007411
-0.002147
-0.026808
-0.028193
0.050677
0.013038
-0.003605
0.038809
-0.021079
-0.000867
0.084829
-0.045527
-0.205332
0.001614
-0.002274
0.000251
0.004461
0.001544
-0.000262
-0.000431
0.004323
0.116345
0.002847
-0.001469
0.001420
-0.001351
0.056452
0.002024
-0.001086
0.000845
-0.002458
0.083152
0.000337
-0.002010
-0.136887
-0.051491
-0.000568
-0.004937
-0.001368
0.097943
-0.003856
-0.001425
-0.000618
-0.020615
0.220829
0.000151
0.067393
-0.001275
0.036924
0.003202
0.003854
-0.002516
0.052274
-0.000159
-0.008385
0.001933
0.000950
0.004311
0.002741
-0.123495
0.000385
0.001054
-0.019200
0.070723
0.057452
-0.001772
0.034642
0.010287
0.001247
-0.003398
-0.000280
-0.002232
0.029428
0.001370
-0.006354
0.074816
-0.001860
0.004757
0.003677
0.012783
0.002705
-0.004304
-0.041441
-0.003133
0.002312
-0.078565
0.050844
0.000326
-0.007207
-0.000061
0.058193
0.001245
0.002555
-0.000804
-0.002834
0.064935
0.008211
-0.047016
0.001374
-0.001705
0.010753
-0.007153
-0.004519
0.009810
0.000453
-0.117441
0.003512
0.009681
0.090057
0.062809
-0.026779
-0.009607
0.055373
-0.001100
-0.015314
0.021841
0.002005
-0.061707
-0.001658
-0.142399
-0.002690
-0.202622
0.027079
0.036392
0.001590
0.001343
0.078974
0.036458
-0.014827
-0.000653
-0.105105
-0.003563
-0.049634
0.002944
0.014936
0.046969
0.083408
-0.000974
0.001810
-0.163020
-0.000504
0.021240
0.002245
0.000346
-0.119405
0.003026
0.004943
-0.001381
0.000541
0.013126
0.000569
0.000691
0.015918
-0.001337
0.040446
-0.007659
-0.002823
0.017330
-0.073619
0.001822
0.008854
0.047266
0.120838
0.100643
-0.015737
-0.001824
0.003623
-0.011020
0.145012
0.007595
-0.004181
-0.080967
-0.005697
-0.004866
-0.027988
0.005880
0.001476
0.051777
0.000029
-0.054905
0.004060
0.006798
0.001216
0.087450
-0.005135
-0.000738
0.013701
-0.013675
0.002532
0.217591
0.002985
0.027015
0.055930
0.031950
0.002650
0.004495
-0.005754
0.002715
0.112910
0.004139
-0.000719
-0.000878
-0.062657
-0.039144
0.041831
-0.023738
-0.001931
-0.001409
0.090693
-0.003088
-0.071702
0.036499
-0.045281
0.005981
-0.002517
-0.001206
-0.000689
-0.003658
0.006625
0.000331
0.007815
0.183372
-0.004372
-0.002451
-0.005869
0.001311
0.003378
0.006768
0.004685
0.000100
-0.004776
0.036713
0.003289
-0.003732
0.003666
0.091296
0.003864
-0.002122
-0.002449
0.002974
-0.000048
0.000328
0.004683
0.002544
-0.080623
-0.000340
-0.102009
0.000965
0.185084
-0.005444
0.005076
-0.002052
0.088494
0.000498
-0.004397
0.003602
0.001912
0.029127
-0.005746
-0.021453
0.001266
0.005161
-0.006510
0.022780
-0.055156
0.055484
-0.010764
0.008220
-0.057797
-0.004536
-0.002825
-0.003908
0.018012
-0.003053
0.008991
0.053243
-0.002520
0.025631
0.006454
0.003969
-0.008899
-0.052721
-0.004688
0.001793
0.003905
-0.024935
-0.125100
0.003519
-0.014994
0.000470
-0.128576
0.001716
-0.001024
0.003251
-0.004222
-0.166732
0.060849
-0.014510
0.014443
-0.000436
-0.056746
-0.036838
-0.008617
0.004930
0.001640
0.080244
0.000676
0.078960
0.129829
0.148531
-0.001812
-0.011721
-0.137471
0.001233
-0.027588
0.038950
0.007154
0.062661
-0.000601
-0.104624
-0.000999
-0.026148
-0.035269
0.176174
-0.001533
-0.002702
0.184906
0.053717
-0.018937
0.004227
-0.045592
-0.003948
0.011744
-0.000118
-0.009841
0.037384
-0.088809
-0.007086
0.004942
-0.217342
-0.001366
0.015524
0.000318
0.000972
-0.102088
0.004469
0.010513
0.000430
0.010957
0.047452
-0.000451
0.003407
0.025079
0.000096
0.100100
-0.003344
0.002331
-0.113622
-0.031768
-0.039692
0.015293
-0.011808
-0.025731
-0.054356
0.028286
0.000399
0.005473
-0.027359
-0.259719
-0.002347
-0.008030
0.014803
0.027203
-0.002446
-0.164146
0.001169
0.005608
0.149836
0.003312
0.017253
0.003735
0.005675
-0.005394
-0.018333
-0.015147
-0.004485
0.017353
0.007708
0.000517
-0.113768
-0.000253
-0.041689
0.228840
-0.031763
-0.001452
-0.003841
-0.002726
0.000748
0.173346
0.008008
0.001809
0.001771
-0.023176
0.099263
0.018239
0.140688
0.003060
-0.052361
0.067731
0.000380
-0.103515
-0.068178
0.014888
-0.004978
-0.000493
0.002023
-0.020056
0.003263
-0.000311
-0.001014
0.006021
-0.269382
-0.005391
0.000554
-0.001710
-0.000356
0.012039
0.001464
0.000518
-0.001053
-0.001210
0.077566
-0.000922
0.005392
0.044262
0.110867
0.000770
-0.003101
0.002840
0.049828
-0.004770
-0.000987
-0.002520
-0.011312
-0.109257
0.002090
-0.032089
0.001045
0.074992
-0.002352
-0.002426
-0.004265
-0.050608
0.004701
0.008362
-0.000711
0.001492
0.001601
0.001409
-0.021006
0.004146
-0.000104
0.110615
0.106485
0.114543
-0.007422
-0.010262
-0.006136
0.047903
-0.001063
0.002384
-0.001829
0.015961
-0.000508
-0.003727
-0.022760
-0.001848
0.000352
0.002590
0.000357
0.000103
-0.012292
0.081975
0.001344
0.002622
-0.005153
-0.145715
-0.000468
-0.002179
0.001697
0.008009
0.002045
-0.002654
0.001521
0.000078
0.035764
0.099809
0.001360
-0.005955
-0.000804
0.013532
0.028123
-0.005779
-0.005572
0.000143
-0.004918
0.001288
-0.089542
-0.059444
0.157459
-0.048527
0.070745
-0.021304
-0.004454
-0.015367
0.006051
-0.001237
0.005063
-0.000544
-0.053854
0.000524
-0.011489
-0.026090
-0.104943
0.000722
0.003937
0.016556
-0.000039
0.015560
-0.005592
-0.158469
-0.002534
-0.023561
0.002534
0.006967
-0.015760
-0.029975
-0.001081
0.002858
-0.097082
-0.004546
0.003820
0.003372
0.000394
0.236513
-0.001994
0.001230
0.000175
0.004897
-0.002114
-0.001811
0.003399
0.004600
0.001807
-0.102503
-0.003965
0.000769
0.179320
-0.116223
0.008246
0.006958
-0.002672
0.114765
0.183231
0.031801
0.000888
0.000821
0.015148
0.006084
-0.063137
0.004080
0.134637
0.005092
-0.009698
-0.053504
0.000179
0.001819
-0.056067
-0.004445
-0.110470
-0.001152
0.000455
0.001880
0.017372
0.003110
-0.000829
0.054884
-0.009246
-0.002753
0.133973
0.007152
0.026912
-0.289799
0.099888
0.000703
-0.009560
0.002726
0.002777
0.085803
-0.016134
0.001388
-0.000635
0.069469
-0.017430
0.002006
0.132576
-0.004667
-0.015477
0.112894
-0.001331
-0.046704
-0.032379
-0.091670
0.003378
0.001177
-0.003088
0.006843
-0.004599
-0.001580
0.001477
-0.006296
-0.138560
-0.000407
-0.000639
0.000333
0.002514
-0.066405
0.001072
-0.000671
0.000112
0.000938
-0.029290
0.001255
-0.002028
0.057329
0.157987
0.002641
0.001817
-0.002444
0.087159
-0.000133
0.001808
0.004651
0.050276
0.086137
0.000804
0.043236
0.001719
0.058947
0.004242
0.000282
0.005666
0.045511
-0.003673
0.007738
0.003316
-0.004495
0.035027
-0.003707
-0.132354
-0.001897
0.003272
-0.011564
-0.091274
0.048045
-0.030317
0.054844
0.015683
-0.018763
0.001519
-0.000156
-0.006556
0.037895
-0.001952
0.000227
0.068990
0.000963
0.009390
-0.000483
-0.001568
-0.004565
0.056017
0.038090
-0.003899
-0.002582
-0.072994
-0.260288
0.001147
0.005562
-0.002513
0.033779
-0.001806
0.000637
-0.000616
-0.000857
-0.115884
-0.169068
0.081991
-0.003728
0.000444
0.083976
-0.045637
0.003087
0.014838
0.001432
0.077129
0.001278
0.075507
0.033951
0.017510
-0.019009
0.142364
-0.119878
0.001441
0.007535
0.064955
-0.000501
-0.001512
-0.000272
-0.007817
0.001385
-0.195877
0.018375
-0.030407
0.001904
-0.004625
-0.233934
0.003164
-0.014831
0.004906
0.274246
0.003353
0.074262
-0.003326
-0.033297
-0.133062
-0.049023
-0.002034
-0.001717
0.070311
0.002401
-0.009430
-0.001081
0.003340
0.113912
0.002608
-0.005890
0.002037
-0.002082
0.000646
-0.001380
0.000765
-0.027492
-0.002753
-0.153610
0.005943
0.000666
-0.198884
0.064041
0.003931
-0.023080
0.164543
0.038616
-0.101853
-0.012322
0.000287
0.003236
-0.011617
0.121786
0.032660
-0.008075
0.070453
-0.005426
0.014565
0.137772
-0.007928
-0.003121
0.059821
0.002774
-0.107751
0.002228
-0.003938
-0.001379
0.044762
0.008875
-0.000554
0.001450
-0.010667
0.003261
-0.181863
0.007066
-0.015018
0.006175
-0.028047
0.002700
0.013968
-0.000108
-0.000035
-0.078629
0.001285
0.000135
0.004154
-0.072623
-0.187325
0.039655
0.295511
-0.001142
0.042652
-0.075427
-0.005350
0.039454
-0.053988
-0.068693
0.002192
-0.003927
-0.000541
-0.028603
0.004833
0.008036
-0.000684
0.014358
-0.083849
-0.000591
0.003242
-0.000378
0.000959
0.044412
0.007736
0.004957
-0.001695
-0.003064
-0.060877
-0.000759
-0.003476
0.030582
0.021732
-0.003372
-0.002730
0.002730
-0.030226
0.008625
-0.003813
0.001381
0.009323
0.212115
-0.000704
-0.017837
0.002417
0.000490
0.001578
0.011611
-0.001486
-0.011050
0.000951
-0.011880
-0.000451
0.006216
-0.007550
0.000207
0.010482
0.002409
0.004687
0.103869
-0.230943
-0.020038
0.044519
-0.040199
0.000821
0.003623
-0.005502
0.008075
-0.012405
-0.028275
-0.001114
-0.001507
0.044649
-0.001821
0.006734
-0.000335
0.002156
0.003640
-0.060641
-0.032803
-0.002502
0.005679
0.015721
-0.034872
0.002084
-0.015262
0.001368
-0.134560
0.000778
0.000623
-0.001689
-0.004467
-0.038095
-0.003390
-0.039284
0.001506
-0.000993
-0.084599
-0.027503
0.000404
0.012909
-0.005472
0.108420
0.004424
-0.055972
-0.135189
0.125069
-0.108426
-0.057595
0.108568
0.005395
0.018180
0.050113
0.006828
0.035948
-0.003254
0.047263
-0.001586
-0.006337
-0.016101
0.028248
-0.000544
-0.003984
-0.141985
-0.005285
-0.020787
0.000811
-0.080934
-0.007809
0.171206
0.008321
0.029141
-0.147522
-0.072981
-0.012545
0.002225
-0.067302
-0.004916
0.053040
0.007983
0.000812
0.048970
-0.001540
0.012893
0.001799
0.010883
0.072813
0.006561
0.000404
0.043617
0.004126
-0.117313
-0.009221
-0.001817
0.103907
0.071425
0.016508
-0.007247
0.000005
-0.043020
-0.160526
0.042404
0.004261
0.012357
0.009760
-0.025105
0.001120
-0.001591
0.011212
0.002711
-0.021559
0.029147
-0.001336
0.001739
0.054525
-0.004036
0.111364
0.008878
0.005727
-0.002547
0.041447
-0.014962
-0.003984
0.010615
-0.009390
-0.000872
0.015254
0.018145
-0.060712
-0.088658
-0.049239
0.002795
0.006016
0.010608
0.000069
0.046181
-0.008036
-0.000010
0.001244
0.054045
0.059252
-0.063167
0.047445
-0.007318
0.040074
-0.025450
-0.001954
0.024879
0.122776
0.175359
0.006081
0.000656
-0.003822
0.004962
-0.003304
-0.010357
0.000071
-0.007117
-0.178826
0.006904
-0.003132
0.005809
-0.001890
0.015245
0.001688
-0.005483
0.000971
0.000869
0.069128
-0.000664
-0.007330
0.099382
0.021452
-0.001348
0.003760
-0.001633
0.051501
0.005185
0.006720
0.004313
-0.030156
-0.053740
-0.001955
-0.049308
-0.000700
-0.049481
-0.000616
0.021955
0.002506
-0.032826
0.000400
0.000957
0.004213
-0.011165
-0.003846
-0.001014
0.004264
-0.003391
0.005613
0.015246
0.181649
0.208664
-0.020785
-0.004399
0.010619
0.051100
0.008086
0.001269
-0.003472
0.048768
0.000122
0.001064
0.177705
-0.000163
0.000078
-0.002292
-0.012696
0.010786
0.048120
0.035308
-0.002802
-0.003867
0.036550
-0.101214
0.001754
0.006163
-0.002612
-0.122712
-0.003193
0.001229
-0.004198
-0.002274
-0.035894
0.060406
0.090106
-0.011682
0.003544
0.047602
-0.025655
-0.004261
0.004222
0.006128
-0.061783
-0.008446
-0.137256
0.139103
0.023093
0.183285
-0.080106
0.070516
-0.001564
0.024086
-0.046027
-0.003197
0.019568
0.003434
-0.039743
0.001848
0.036033
0.025774
0.054790
-0.002187
0.007310
-0.097976
0.038881
-0.019672
0.008214
-0.104206
-0.000421
0.018698
-0.003826
-0.043333
0.056567
0.071603
0.001700
-0.008146
0.168245
0.003021
0.003656
0.002322
-0.008767
0.106443
0.005532
-0.010938
-0.000133
0.001992
0.017308
-0.001836
-0.001073
-0.002880
-0.001106
-0.024760
0.000204
0.000979
0.011335
0.131222
-0.010209
-0.014719
0.181762
-0.256227
0.159935
-0.050904
-0.001880
-0.002468
-0.007669
0.075071
-0.000934
-0.004923
-0.038901
-0.024594
0.008004
0.181534
0.008096
-0.007374
0.068366
0.005179
0.012793
-0.006723
0.002794
-0.000823
0.091132
0.006304
0.002034
-0.016235
-0.002994
-0.001376
0.068235
-0.000044
-0.002336
0.100838
-0.056335
-0.000316
-0.003465
0.004342
-0.002247
0.225354
-0.005410
0.009981
0.001879
-0.009559
0.088868
0.055134
0.108099
-0.001824
-0.027025
-0.021954
-0.003985
0.188472
0.088488
-0.043055
-0.003611
0.000604
0.000486
-0.012208
0.000217
-0.008857
-0.001472
0.001471
0.014040
0.006647
0.005526
0.003452
-0.001314
-0.096594
-0.002717
-0.007365
-0.000996
0.007127
-0.003580
-0.005401
0.000668
-0.097256
0.028407
-0.006070
-0.003827
-0.002290
-0.074670
0.004727
-0.007730
0.004526
-0.010458
-0.062225
0.002610
0.125612
0.003295
-0.189246
0.004344
-0.006279
-0.002025
0.033962
0.000665
-0.000651
-0.002494
-0.001505
0.026163
0.003653
0.024439
-0.000318
-0.004480
0.125537
0.046281
-0.121516
0.021210
0.027051
-0.001186
0.001343
0.002268
0.006703
0.004341
0.026942
0.004440
0.003215
-0.096518
-0.001688
-0.010726
0.001830
-0.006084
0.001576
0.033470
0.012366
-0.006914
0.003189
0.096785
0.155425
0.002579
0.017142
0.004497
-0.237982
-0.003212
0.009449
0.001412
0.000212
0.027049
-0.058205
-0.040907
-0.004017
-0.002549
0.047892
-0.029734
-0.002339
-0.002047
0.002815
0.051487
-0.010485
-0.002871
-0.041040
0.183336
0.009999
-0.094045
-0.180136
-0.003555
0.021034
0.019607
-0.004826
0.000511
0.004434
0.031031
-0.001639
-0.156810
-0.014515
0.016890
0.001540
-0.000295
0.206219
-0.001282
0.003326
-0.009431
0.089415
0.003990
-0.071180
-0.002691
-0.031402
0.214895
-0.023108
0.004477
-0.002512
0.094650
-0.007598
-0.014685
0.004235
0.001877
-0.011512
-0.001468
-0.006272
0.003754
-0.003063
-0.027416
0.000176
-0.007451
0.003607
-0.000459
0.065503
-0.008564
-0.001927
-0.212559
0.158058
0.021044
-0.014613
-0.109400
-0.095654
-0.280727
-0.026120
0.001864
-0.001276
-0.004947
0.192158
0.022774
-0.000991
-0.146497
-0.005773
0.021222
-0.042521
-0.007621
-0.005124
0.017792
-0.000194
0.082492
-0.004311
0.007694
0.003875
-0.045850
0.011706
0.002815
-0.028865
0.011320
0.005974
0.265833
0.005450
-0.021396
0.065431
0.054186
0.000028
-0.003642
0.001943
-0.000477
0.003761
0.010155
0.002777
0.000125
0.058174
-0.091439
0.037948
0.086213
0.002820
0.002380
-0.064135
0.004098
0.033210
0.024460
-0.292542
-0.005577
0.001328
0.000406
0.010863
-0.005398
0.000541
-0.000809
-0.000247
-0.052867
-0.002614
-0.000183
0.005364
-0.001352
-0.074535
-0.001809
0.004338
0.001768
0.007155
0.007318
0.000137
0.002579
-0.096898
-0.009490
0.000183
0.001243
0.001276
-0.028252
0.012265
0.002271
-0.001959
-0.023759
-0.074315
-0.001615
0.189878
-0.005116
0.133255
0.001840
-0.000740
-0.001167
0.076686
-0.000867
-0.006293
-0.000051
-0.010307
-0.063620
0.007080
-0.070786
-0.003166
-0.002789
-0.131487
-0.149182
-0.073386
-0.046566
0.011387
-0.001293
0.009512
0.001038
0.000488
0.001517
-0.065993
-0.001080
-0.003212
0.053025
0.002385
-0.029334
-0.004563
0.010836
0.009184
0.087162
-0.058242
-0.001448
-0.002531
-0.057999
-0.036501
-0.001972
-0.002232
-0.002103
-0.050035
0.000213
-0.005652
-0.002890
0.001657
0.203672
-0.063790
0.043486
-0.009326
0.006256
-0.076167
0.014235
0.009540
0.012156
-0.001501
-0.108996
0.002868
-0.032647
0.143722
0.155446
-0.003322
0.054183
0.168834
0.001868
0.004676
-0.065949
-0.002308
-0.033463
-0.005944
0.002142
0.001019
-0.003314
0.091697
-0.015600
-0.001395
-0.000315
0.173785
-0.013716
0.004408
0.003918
0.075536
-0.001679
0.101036
0.000885
0.019397
0.063896
0.037347
0.004538
-0.001709
0.073021
0.003858
-0.001345
-0.001919
-0.003147
0.005080
-0.004539
-0.004031
-0.000669
-0.004709
-0.034788
0.000945
-0.003741
-0.026900
0.000974
0.050222
0.003858
-0.001651
0.000450
0.074649
0.021440
0.036834
0.152251
0.101389
-0.013600
-0.023394
-0.001377
-0.003364
0.027846
-0.090602
0.065523
0.003021
-0.012779
0.025291
-0.026763
-0.119171
0.008188
-0.003849
0.014331
-0.000365
-0.032595
-0.001168
-0.001868
0.002126
-0.128152
0.004007
0.004224
0.012420
0.011534
0.001451
-0.131154
0.001447
-0.065372
-0.037655
-0.051984
-0.001631
0.003803
0.001139
0.001131
-0.048357
-0.009406
-0.003113
-0.004075
-0.051058
0.135986
-0.030877
-0.166483
0.005735
-0.032270
-0.010504
0.002295
0.042542
-0.137117
0.184093
0.002031
-0.000715
0.001454
0.005952
-0.006412
-0.001410
-0.001357
-0.002100
0.051405
-0.000836
-0.003243
-0.005498
-0.002334
0.059513
0.000170
-0.002830
0.001777
0.000725
0.098256
0.000935
-0.000589
-0.113707
-0.131035
-0.000022
0.001359
0.000337
0.155587
-0.007022
0.007850
-0.003361
-0.003131
-0.241232
-0.003703
0.022929
-0.007155
-0.075600
-0.016673
0.010168
-0.001889
0.025163
-0.000380
-0.012145
0.001245
-0.004519
-0.018486
-0.003664
-0.111421
0.000606
-0.002227
-0.204395
0.151735
-0.143074
0.048928
-0.056437
-0.033846
0.028256
0.004737
0.000584
-0.001446
-0.014505
-0.001792
0.002223
-0.061901
-0.002443
0.004733
0.004494
-0.002206
0.008149
-0.021855
-0.063650
0.012259
0.000591
-0.048434
0.091074
-0.001523
-0.012136
-0.005360
-0.165908
0.001259
-0.008215
0.002441
-0.000595
0.119212
-0.067589
-0.086742
0.003963
0.002365
0.012415
0.029640
-0.008135
-0.013128
0.004669
0.029381
-0.005988
-0.048222
-0.136328
0.127214
0.040232
-0.128042
0.121868
-0.007341
0.054174
0.027508
0.001441
-0.032670
0.002344
0.006996
0.001221
0.184817
0.028375
-0.062370
0.000249
0.015039
-0.178343
0.069248
0.011295
-0.000558
-0.146996
-0.006492
0.158170
0.001041
0.039227
0.166825
0.053825
0.006482
0.000482
-0.158072
0.001324
0.014084
-0.008386
-0.003696
0.045352
-0.001413
-0.003721
-0.002272
0.004317
0.035446
0.000723
0.003701
0.034269
-0.001350
-0.099479
0.006066
0.003083
-0.094303
-0.112145
-0.018358
-0.013910
0.080719
0.053919
-0.038087
-0.030191
-0.004869
-0.007350
0.001496
0.001945
-0.060321
0.000341
-0.030618
-0.010380
-0.019081
-0.135478
0.010256
0.005603
0.069447
0.000116
-0.032425
-0.005063
0.001775
0.001817
-0.034672
-0.004661
-0.003742
0.012326
0.001515
-0.002897
-0.143285
0.007867
-0.041193
-0.027763
0.052545
0.000552
-0.020018
-0.005798
-0.002628
0.033462
0.022844
0.004318
0.002171
0.070950
-0.194393
-0.023652
-0.097179
0.000475
-0.018284
0.144713
-0.000726
0.001351
-0.057436
-0.056166
-0.001950
0.002791
0.000741
-0.002444
-0.002906
0.000229
0.000297
-0.006980
0.000212
0.003466
0.002628
0.002445
0.000585
-0.068481
-0.002221
0.004912
0.000567
0.005118
0.021482
0.000479
0.004318
0.253663
0.136501
-0.000819
0.006660
0.000714
-0.011332
0.000780
0.000499
0.003653
0.047482
-0.133109
-0.002022
0.005863
0.002367
-0.033504
0.006263
0.001892
0.002352
-0.051033
0.001536
0.010078
-0.000410
-0.006939
0.006314
-0.000390
0.036045
-0.002157
-0.005427
0.018530
0.087872
-0.121318
-0.041673
0.042399
0.010266
0.012317
0.004563
0.003699
-0.003127
0.017220
-0.000341
-0.001675
-0.156437
0.004025
-0.010975
-0.003720
0.001007
0.005127
0.072013
0.036195
0.001933
-0.003628
-0.004637
-0.157024
0.000381
0.006737
-0.003728
-0.061505
-0.001121
0.001391
-0.000348
0.001679
-0.041093
-0.123612
-0.035900
-0.006366
0.003203
0.035506
-0.032944
0.012236
0.006104
-0.003228
0.182686
0.003433
-0.115867
-0.025316
0.033238
0.002250
-0.088859
0.238977
0.006008
-0.005463
0.022099
-0.003547
0.023146
-0.002367
0.081223
0.002481
0.160147
0.019673
-0.034850
-0.002851
-0.002692
-0.140833
0.028525
0.002890
0.002376
-0.176985
0.005061
0.120971
-0.009392
-0.025682
-0.116250
0.061940
-0.002161
0.001846
0.008654
0.000720
-0.017725
-0.000553
0.004479
-0.087196
-0.004307
-0.005044
0.002310
-0.003590
-0.017052
-0.000207
0.000060
-0.032913
-0.001837
0.212001
0.004342
0.001974
-0.089205
0.091929
0.013593
-0.045763
-0.081880
-0.146528
0.039570
-0.012429
0.000124
0.001708
0.017938
-0.091653
0.017530
0.002499
0.167650
-0.010838
0.012079
-0.101543
-0.008105
0.000623
0.018997
-0.000683
-0.014114
-0.000629
-0.007801
-0.000513
0.035268
0.001525
0.005951
-0.013068
-0.005481
-0.004186
-0.181008
0.016326
-0.086828
-0.222559
-0.000699
-0.000130
-0.009787
0.007084
-0.002286
0.001348
-0.029924
0.000759
-0.002239
0.032627
-0.002576
-0.045210
0.162715
0.001088
-0.011943
-0.027327
-0.000047
0.009524
0.019199
-0.039943
0.001216
0.003519
0.001299
0.005584
-0.003692
-0.010866
0.001249
-0.008033
-0.019985
0.009684
0.001137
-0.003525
0.001051
0.026297
-0.007754
-0.009697
0.000481
0.002215
-0.029933
-0.002672
0.000591
0.147891
0.029205
0.002879
0.003159
-0.002450
0.040691
-0.003258
0.001784
0.002404
-0.022762
0.154235
0.001358
0.100638
-0.007361
-0.040046
-0.004009
-0.005379
-0.000518
0.069024
0.000276
0.010332
-0.004707
-0.006383
-0.024438
-0.002117
-0.033093
0.000732
-0.005134
-0.154851
-0.100426
0.054472
0.009279
0.078456
-0.000306
-0.020462
0.005769
0.002035
-0.000466
0.074440
0.002906
0.001455
-0.068286
0.000609
0.003144
-0.000590
-0.011304
-0.002676
-0.021334
0.111720
0.002074
-0.000721
0.026184
-0.215596
0.001155
0.011077
0.003161
-0.079976
-0.000165
0.003563
0.001392
-0.000274
0.267066
0.077722
-0.253498
0.000435
-0.004260
0.075039
0.058382
-0.001101
-0.011551
0.002773
0.043949
-0.011510
0.160382
-0.075294
-0.112733
0.078488
-0.022756
0.101593
-0.003529
0.012758
-0.001266
-0.001651
-0.008175
0.004794
-0.025897
-0.002488
0.041726
-0.030284
-0.025472
0.002178
0.007952
-0.042950
-0.043704
0.002535
-0.006028
-0.288789
0.005553
-0.005329
-0.002632
-0.018704
0.043966
-0.007079
0.007615
-0.007931
0.029965
-0.002631
-0.025724
0.001042
0.002504
-0.074444
-0.000192
-0.009789
0.000847
-0.010094
-0.045796
-0.003731
-0.003346
-0.003993
-0.007695
0.057821
0.016297
0.001210
-0.051232
-0.107648
0.005623
-0.008893
-0.075259
0.100425
-0.031316
-0.037131
-0.004554
-0.008026
-0.012295
0.059415
0.009624
0.000402
-0.121317
-0.044296
0.011971
0.029481
0.000391
0.000098
0.058316
0.006405
-0.090711
-0.004188
-0.001157
0.002950
-0.061079
0.018135
-0.000167
-0.007123
0.004918
0.002315
0.021556
-0.002188
-0.142845
-0.105383
0.024750
-0.002418
0.003003
-0.004956
0.003339
0.133639
-0.023496
-0.007931
-0.006398
-0.041832
0.001562
-0.028403
-0.273280
0.006414
-0.016300
0.078669
0.005443
-0.146532
0.174586
-0.141449
0.002600
-0.002325
0.001186
0.021944
-0.009702
0.009678
0.000295
-0.000529
-0.083205
-0.008032
-0.005486
-0.005616
0.000492
-0.080901
0.003024
0.004528
0.001390
0.001046
-0.135676
0.008904
0.001204
-0.057253
-0.156022
0.005040
-0.000902
0.000853
0.175987
0.007419
0.003648
-0.002495
-0.010521
0.031111
0.000056
-0.022516
-0.005388
-0.032364
-0.003688
-0.003625
-0.001284
0.091966
-0.005696
-0.006271
0.000280
-0.000929
-0.015847
0.000272
-0.172616
-0.000688
0.000949
-0.187250
0.104042
0.221595
0.027539
0.048337
-0.017809
-0.103226
-0.003145
-0.009951
-0.006842
-0.069036
-0.003782
0.002584
0.095376
0.001544
0.011154
0.001666
0.015740
-0.011167
-0.073103
-0.008374
0.005526
-0.000117
0.032483
0.112248
-0.003556
-0.015013
0.000676
-0.109133
0.001865
0.000043
0.005026
-0.000672
0.103348
0.227854
0.054327
0.015705
0.000140
0.057137
0.020819
0.005263
0.011500
0.001688
0.043864
0.006083
0.082983
0.007610
0.052598
0.115439
0.112105
-0.019006
0.002919
-0.076865
0.026246
0.006824
-0.026867
-0.006002
0.083665
-0.002359
-0.094082
0.019163
-0.084201
-0.005279
-0.003684
-0.291366
-0.020198
0.004253
0.002812
0.051117
-0.001977
0.075369
0.013894
0.052447
0.119746
-0.054058
0.000211
0.002764
0.084958
0.006023
0.006522
-0.007920
0.001879
-0.119290
-0.000250
0.009574
-0.002648
0.000582
0.008218
-0.000048
0.004932
0.005761
0.004682
-0.036638
0.015507
0.001763
-0.232432
-0.004451
-0.033254
0.026014
-0.006971
-0.032246
0.030608
0.017809
-0.003011
-0.000358
-0.001802
0.182100
-0.088045
-0.000278
0.007928
0.010183
-0.031761
0.395822
-0.009134
0.007877
0.084532
0.004295
0.119068
-0.002164
-0.004518
-0.001363
-0.049292
-0.008714
-0.003749
0.140579
0.001876
0.004298
-0.196136
0.007469
-0.054131
-0.217075
-0.008119
0.000377
0.005379
-0.001351
-0.000124
0.191845
0.009683
-0.004444
-0.000479
0.001302
0.106054
0.031386
-0.174271
-0.000360
0.052118
-0.162550
0.000043
-0.018591
0.063158
-0.045162
-0.001976
-0.000495
0.000529
0.009825
-0.004591
0.003108
-0.000536
-0.001415
0.123809
-0.001992
-0.001988
0.002524
-0.000855
0.012870
0.001184
0.005931
0.000695
-0.002225
-0.063221
0.000821
0.000704
0.026449
0.025012
-0.000578
0.004577
0.001337
-0.037040
0.008764
0.002281
-0.000244
-0.061932
-0.267688
-0.001593
-0.071047
-0.000607
-0.263861
0.000469
-0.001040
-0.003657
0.144924
0.000997
0.001559
0.002313
-0.002020
-0.019369
-0.000622
0.001577
-0.000859
0.000465
-0.180219
-0.046075
0.067897
-0.002087
-0.056569
0.011927
0.045303
-0.000396
-0.004442
-0.003601
-0.056433
-0.001340
0.000454
0.229727
0.001913
-0.010498
-0.000433
0.005808
0.004516
0.038357
-0.005383
0.004971
-0.002063
-0.028969
-0.219203
0.000868
-0.001745
-0.000145
0.100771
0.002597
-0.001799
0.000264
-0.001305
0.065610
0.009016
-0.018602
0.002743
0.002537
0.015508
-0.002609
-0.000375
0.008082
0.000766
0.010615
0.003064
-0.043668
0.202911
-0.056231
-0.062519
-0.002874
-0.052120
0.001423
0.009856
-0.025588
-0.002598
0.001689
-0.000145
0.031803
0.001866
-0.094197
0.014132
-0.147008
-0.003565
0.002731
-0.211723
-0.017891
0.004308
0.003035
0.057677
-0.000233
0.084528
-0.005238
0.004211
-0.140324
-0.013478
-0.003422
0.002939
0.056965
0.001255
-0.006891
0.000806
-0.003109
0.072852
-0.001469
0.003026
0.000374
-0.001616
-0.026300
0.004533
0.001769
-0.015391
-0.001138
0.208749
-0.002783
0.001982
-0.036132
-0.065003
0.001659
0.061242
-0.174249
0.128863
-0.249740
0.052824
-0.000294
-0.001126
-0.000662
0.007382
-0.048368
0.000617
0.112511
0.000478
0.002449
-0.093855
0.003960
-0.000592
0.085271
0.003044
-0.133166
-0.000722
0.001520
-0.001933
-0.176992
-0.008762
0.000945
0.090176
-0.002906
0.001680
-0.258642
-0.010223
0.014852
0.064354
-0.020200
-0.000574
0.002224
-0.007971
-0.002660
-0.037579
0.001613
0.006824
0.002659
-0.037973
0.060949
0.016303
0.033289
0.005100
-0.057057
0.062016
-0.003470
0.089207
0.033521
-0.058498
-0.005763
0.000851
0.003758
-0.020817
0.004617
0.005707
-0.000305
0.008802
-0.050040
0.002461
0.002356
0.001889
-0.000322
-0.022888
0.002166
-0.000024
-0.000900
0.001721
0.018547
-0.004667
0.001027
-0.085381
0.041622
-0.006352
-0.003234
-0.000005
-0.024547
0.008523
-0.005087
0.005381
-0.015988
0.113698
0.002359
-0.078510
0.005171
0.052177
0.002459
-0.002867
-0.003307
0.044787
0.007056
-0.007033
0.000863
-0.000701
-0.008675
0.000471
-0.068671
-0.001251
-0.002650
0.202968
0.002810
0.141424
0.018544
-0.039439
-0.006212
-0.000001
-0.001118
0.004136
0.003271
-0.027842
0.001480
-0.001258
-0.079088
0.000799
-0.014152
0.001429
0.000861
0.006539
0.065667
-0.035912
-0.003489
0.006236
-0.047334
-0.058934
0.000567
0.001560
0.002972
0.034046
0.001478
0.003047
0.000435
-0.002250
-0.016063
0.005436
-0.132237
-0.006733
-0.000480
0.070145
-0.066384
-0.000517
0.010667
-0.004399
-0.129693
-0.000952
0.209341
0.196768
0.025519
-0.039385
-0.017435
-0.030027
0.001213
0.043425
-0.013412
-0.009148
-0.013716
-0.001027
0.168836
-0.007633
-0.016581
-0.003308
-0.043847
-0.001305
-0.001554
-0.002978
0.043857
0.004905
-0.008276
-0.057426
0.001371
-0.027486
-0.006880
-0.019996
-0.045000
0.052519
-0.005340
0.000377
0.115299
-0.007523
-0.001007
0.006877
-0.000994
-0.173046
-0.002771
0.011120
0.004262
0.002738
0.010270
0.002324
-0.004094
0.016900
0.000070
0.232709
-0.004759
-0.002776
-0.055893
0.042242
0.019195
0.025177
0.017370
0.096601
-0.011974
0.018606
0.002785
0.003164
0.013253
-0.111229
-0.047785
0.003054
-0.085851
0.064831
0.018118
0.000561
-0.003413
-0.001765
-0.139247
-0.001400
-0.034208
0.001426
0.004732
0.000417
0.061669
-0.006872
0.003365
-0.014096
-0.010686
0.002305
0.052776
0.008180
0.017915
-0.216394
0.019993
0.002114
0.008264
0.006218
0.002127
-0.098330
-0.014198
0.000288
-0.002793
-0.025107
0.022075
-0.062404
0.130575
-0.004513
0.070134
0.052622
-0.003353
0.062160
-0.023439
0.014293
0.009094
-0.000322
-0.001698
0.015107
-0.002994
0.001021
0.001669
-0.000702
-0.040904
0.001218
-0.001526
-0.003173
0.002432
0.034606
0.000099
-0.001532
0.000044
-0.003995
-0.015388
0.002253
-0.011043
-0.092093
0.063373
0.001525
-0.000407
-0.006318
0.038232
-0.008531
0.000828
0.002148
-0.018760
-0.030089
-0.002130
-0.038109
-0.001705
-0.068059
-0.003399
0.005979
0.003977
-0.033548
-0.002423
-0.005871
0.001954
0.001298
0.035749
-0.005144
0.008038
-0.001649
0.006072
0.015207
-0.051879
-0.016532
0.015214
0.007187
0.000174
-0.045969
0.000498
-0.001784
-0.001690
0.020804
-0.000787
0.006400
0.000017
-0.001259
0.019503
0.002481
-0.003861
-0.005653
-0.030217
-0.111428
0.001793
0.000305
-0.032776
0.113826
0.001774
-0.006999
-0.001522
0.043807
-0.001777
0.002926
0.001677
-0.000042
0.050400
-0.218812
0.065351
0.008206
-0.000002
-0.021595
-0.044498
-0.004248
-0.000317
0.002583
0.010688
-0.007850
0.020208
0.163142
0.236276
-0.059212
0.080054
0.006746
0.001327
0.059201
-0.005265
0.007985
0.027374
0.002204
0.151904
-0.001612
0.200610
-0.003201
-0.063667
-0.000961
-0.002403
0.078479
-0.015562
-0.022200
0.009691
0.139887
-0.001016
-0.227473
0.001007
-0.011052
-0.158175
0.114597
-0.001824
-0.003467
0.071020
0.002091
0.012589
-0.002055
-0.000775
-0.013825
0.004256
0.001740
0.000191
0.004420
0.022479
0.000330
-0.001362
0.003778
-0.001268
-0.084296
0.018792
0.002629
0.043492
0.132242
-0.049584
-0.014553
0.046329
-0.189885
0.158658
-0.022076
-0.001301
0.000736
-0.030728
-0.069599
-0.009826
-0.006801
-0.084319
-0.029404
0.009246
-0.125104
0.004407
0.001296
-0.002220
0.004950
0.027854
0.004143
0.002654
-0.002255
-0.042702
-0.005286
-0.005631
-0.058555
-0.010928
0.007721
-0.087973
-0.008089
0.062926
-0.023492
-0.019976
0.005929
0.007596
-0.000862
-0.000693
0.052751
0.014697
0.008308
0.006382
0.020339
-0.049037
-0.038869
0.169568
-0.008448
0.095758
0.029337
-0.006123
0.045977
0.081219
-0.093966
0.004849
-0.000727
-0.001762
-0.015321
0.009058
0.008872
-0.001504
0.005483
0.167574
-0.007368
0.001669
0.007430
0.002251
-0.110070
0.006056
0.005998
-0.001617
0.003829
0.134168
0.000921
-0.009490
-0.100396
-0.063309
-0.002197
-0.001274
0.002244
0.055843
0.011706
-0.006191
0.005165
-0.017775
0.151747
-0.001436
0.133495
0.010282
-0.090977
0.010142
0.002558
0.004518
-0.024829
-0.000481
-0.006848
0.004532
0.006451
0.005005
0.001782
0.016005
-0.000734
0.006666
-0.143486
0.269853
-0.002285
-0.103305
-0.094339
0.003079
0.024986
-0.001098
0.001840
-0.008749
-0.079096
-0.001293
-0.007233
-0.080206
0.000197
-0.003527
-0.005313
-0.001596
-0.003413
0.028817
-0.128526
-0.005943
-0.000494
0.014829
0.016469
0.002693
-0.007609
-0.000398
-0.029680
-0.001071
0.004790
-0.005170
-0.000972
-0.127633
-0.050737
-0.134513
-0.004725
0.001018
0.005074
-0.049077
0.006382
0.025554
-0.004294
-0.037693
0.009342
-0.067307
-0.035813
-0.091028
-0.079172
0.027600
-0.000158
0.010154
-0.027250
-0.022928
-0.003438
0.032436
-0.004899
-0.088785
-0.002010
-0.064647
0.044920
-0.092141
-0.001936
-0.012408
0.035227
-0.029908
-0.035263
0.005928
0.117859
-0.000960
-0.174904
0.008350
-0.036966
0.076820
-0.124596
-0.017360
0.005392
0.015603
-0.001987
0.019007
0.011004
-0.006984
-0.051092
0.001391
0.007091
0.005426
0.001400
0.008619
0.009268
-0.005236
0.001028
0.008387
-0.187585
0.003699
-0.000560
-0.028235
0.102549
-0.007729
-0.013499
-0.005057
-0.000430
0.011808
0.048147
0.009635
0.013511
0.007178
-0.041950
-0.009582
-0.001698
-0.148804
-0.011320
-0.003500
-0.048540
-0.005742
-0.007479
0.039756
-0.001471
0.131305
0.008583
0.003096
-0.004916
-0.061332
-0.006335
0.001738
0.012281
-0.014803
-0.004881
0.065258
-0.003087
-0.025672
0.012399
0.029279
0.004195
0.006505
0.009413
-0.001626
0.215937
-0.024132
-0.000354
0.005964
-0.069424
-0.117069
0.035954
-0.055113
-0.008714
0.005251
0.095497
-0.005166
-0.231927
-0.004569
-0.169345
0.007966
-0.005348
-0.004766
-0.025563
0.012359
-0.014005
-0.000035
0.000831
-0.135994
0.003548
0.005596
0.002704
-0.000144
0.037658
0.004704
-0.005663
-0.004966
-0.004303
-0.039399
-0.003041
-0.001879
-0.001261
0.145870
0.000094
-0.001940
0.002011
0.069894
0.000006
-0.009548
-0.000224
0.007153
-0.197863
0.000924
-0.035509
-0.000131
0.004769
0.006394
0.003125
0.001062
-0.129900
0.003210
0.000890
-0.000436
0.011250
0.049196
0.003185
0.132009
0.002088
0.008026
-0.141580
0.026731
0.232126
-0.012815
0.004999
-0.022332
0.011504
-0.007690
0.009481
0.003313
0.119989
0.004477
0.001976
0.147714
-0.003524
0.008893
0.000000
-0.011502
-0.007805
-0.093946
-0.060018
-0.008733
0.000870
0.086826
-0.010204
0.001907
0.010998
0.003204
0.038443
-0.003378
0.007144
-0.004536
-0.001627
0.009837
0.048709
-0.075856
0.001275
-0.002624
-0.051137
-0.052056
-0.003069
-0.007076
-0.000685
0.019724
-0.002766
-0.019829
0.033593
0.136460
-0.024298
0.106926
0.020297
-0.003552
0.061521
-0.012081
0.003213
0.013101
0.005676
-0.001723
0.006439
0.311557
-0.110077
-0.174415
0.007560
-0.001940
0.029174
-0.017202
-0.016661
-0.002323
-0.093528
-0.001995
0.129690
0.014561
-0.021583
-0.150775
0.060406
-0.002152
-0.006194
-0.029159
-0.004728
0.033283
0.006853
0.001267
-0.016475
0.008553
-0.001551
-0.000728
0.004765
0.072141
-0.002091
-0.001919
0.020138
0.005409
-0.137566
-0.004855
-0.001365
0.059177
0.033422
-0.007584
0.008085
0.200319
-0.129407
-0.043446
0.010510
0.001087
0.005376
-0.029075
-0.010933
0.060592
-0.002921
0.091269
-0.079184
0.015926
-0.121411
-0.004899
-0.004492
-0.064435
-0.004867
0.162534
-0.000320
0.004419
-0.003209
0.001819
-0.004090
0.000259
0.001490
0.005971
0.000963
0.151906
0.000327
-0.019194
-0.190729
0.043466
0.001037
-0.009022
-0.002727
-0.002107
0.125518
0.022822
0.007331
-0.000291
-0.017860
0.204910
0.029601
-0.082886
0.003014
-0.007907
0.146064
-0.000926
-0.100669
0.001594
-0.029536
0.001326
0.002628
0.002117
0.005383
-0.000219
0.004999
0.002169
-0.004597
-0.084787
-0.004137
0.003785
-0.003672
0.002778
0.027345
0.001215
-0.001768
-0.003016
0.006745
0.071048
-0.000646
-0.000503
0.003951
0.159274
-0.004653
0.004420
-0.000548
-0.075648
0.012094
-0.002485
0.005288
-0.035004
0.055519
-0.000454
-0.082131
0.001526
0.132931
-0.005830
-0.018153
0.006330
0.078700
0.002685
-0.006376
0.001600
-0.002399
0.020846
-0.003554
-0.000645
-0.001248
0.000233
0.108424
0.073242
-0.238370
-0.006199
0.050638
0.011638
-0.013820
0.002651
-0.001141
0.003474
-0.043547
-0.000144
-0.002879
-0.075432
0.004270
0.001623
-0.001712
-0.005951
-0.008599
-0.004497
0.022689
0.003780
-0.005100
0.021309
0.039476
-0.001849
0.008313
0.002018
-0.206027
0.001326
0.007354
0.000479
-0.001004
-0.060621
0.172356
0.045196
0.006875
-0.005366
-0.005851
0.017004
0.010694
-0.000727
0.001662
-0.125560
0.002748
0.086280
0.100784
0.022421
-0.132082
0.088376
-0.072640
0.001010
0.064050
-0.038969
-0.006635
-0.005563
0.003312
-0.053276
-0.005583
-0.067739
-0.034873
-0.062644
-0.000524
-0.000513
0.023964
-0.001484
0.017346
-0.010521
-0.014270
0.008550
0.059555
0.004041
-0.021402
-0.061953
-0.070943
-0.003522
-0.002387
-0.039567
0.000099
-0.017772
0.002165
-0.000108
-0.168735
-0.001711
0.006635
0.003037
-0.008397
-0.028798
0.004526
-0.004488
0.023388
0.001201
-0.402265
-0.004106
-0.001509
0.032303
-0.167972
-0.001987
0.047890
-0.121629
0.031895
0.043327
0.018036
0.001338
-0.002047
-0.002162
-0.145749
-0.020809
0.004334
0.214081
0.006927
0.017487
-0.105228
-0.007376
0.001355
0.032268
-0.000390
0.073149
0.002569
-0.005900
-0.001838
-0.004265
0.003338
-0.000323
0.015317
-0.006695
0.003200
-0.160407
-0.006965
0.000062
0.060705
0.008493
0.004008
0.005941
0.004183
-0.000625
-0.166938
0.013554
0.016376
0.007133
-0.024744
0.097658
0.026619
-0.196530
-0.001234
0.016403
0.098250
-0.006929
0.118341
0.120732
0.063088
0.004143
-0.003119
-0.001817
-0.022471
0.003531
0.000382
-0.000002
0.009534
0.169119
-0.011462
0.006167
0.002446
0.001681
-0.069459
0.005047
0.000526
-0.003265
0.004477
-0.088680
-0.002661
-0.004041
-0.169313
0.084543
-0.004956
-0.000282
0.000336
0.083143
0.002134
-0.007600
0.008270
-0.043093
0.025472
-0.000487
-0.047837
0.003734
0.057506
0.000942
0.001127
0.002574
0.030524
0.002768
-0.004885
0.000993
-0.003652
0.001114
-0.000074
-0.065420
0.000060
0.004209
0.124745
-0.000938
-0.144544
-0.021131
-0.055216
0.019524
-0.029299
-0.003304
0.009328
-0.003476
-0.068114
0.000914
0.005389
-0.130154
-0.000927
-0.001148
0.000632
-0.011650
-0.001368
0.017408
-0.080973
-0.005548
0.003969
-0.009411
-0.179995
0.001787
-0.006540
0.004559
-0.062148
-0.001943
0.002911
-0.000805
-0.003977
-0.152217
0.118968
0.061898
-0.001961
-0.000787
-0.026960
-0.011524
0.005441
0.016448
-0.000555
-0.008100
-0.005260
0.228458
-0.025417
0.076364
0.087696
0.023518
-0.063573
0.000350
0.080476
-0.011357
-0.002632
0.057797
-0.000960
0.009941
-0.001374
0.224242
-0.003794
0.115591
0.006403
-0.007717
-0.222343
-0.055534
-0.006281
-0.002156
0.080907
-0.001031
0.030830
0.000330
-0.023584
-0.058082
0.015911
-0.005260
-0.001403
0.068493
-0.006243
0.000511
0.005553
-0.005542
0.017223
-0.001472
0.003361
0.005737
0.009036
-0.001395
0.004173
-0.004983
0.028161
0.002813
-0.334317
-0.009309
-0.001935
-0.142335
0.005524
-0.001174
0.040759
-0.222318
0.127167
0.037296
0.020279
0.003855
0.009047
-0.007613
0.131505
-0.017494
-0.002552
-0.073764
0.017525
0.006055
0.080239
-0.010869
-0.005686
0.057991
0.001014
0.019485
0.003132
0.005318
-0.000287
-0.048841
-0.006046
0.000207
-0.013726
-0.002011
0.001253
0.280799
-0.003819
-0.070165
-0.092498
0.049163
0.001324
0.004251
-0.004336
-0.000741
0.065281
-0.025645
0.002767
0.003310
-0.032430
0.043024
0.012723
-0.146848
-0.000948
0.027595
0.103614
0.000102
-0.008509
-0.117003
0.090719
-0.000395
-0.001774
0.000545
-0.009132
0.005804
0.002414
-0.000490
0.005509
0.090029
-0.000978
-0.000944
0.003142
-0.001443
0.146786
0.001425
-0.004166
0.000065
-0.000628
0.040944
-0.001331
-0.000681
-0.073945
0.141511
-0.000332
-0.002811
0.002304
0.072393
0.006394
-0.002312
0.001955
-0.010251
0.204001
0.002285
0.226263
0.002023
-0.055595
0.002954
-0.006292
-0.002468
0.120721
0.003656
-0.009930
0.004249
0.000976
0.002098
0.003510
-0.006461
-0.000767
-0.000197
0.279349
0.175223
-0.116690
-0.018870
-0.039600
0.028337
-0.022296
-0.003849
0.000260
-0.004234
-0.062096
0.002654
0.003669
0.043985
-0.001560
-0.008329
0.002588
0.005736
-0.004905
0.011445
-0.128224
-0.005223
0.002742
-0.017785
-0.085732
-0.000585
-0.004570
0.002473
0.247668
0.000739
-0.001077
-0.001908
0.000013
0.155716
-0.121464
0.023567
0.002309
-0.001312
0.058694
0.002383
-0.000397
0.007034
-0.000843
-0.055756
0.006609
-0.046306
-0.062707
0.035653
-0.030235
0.061891
0.048531
-0.000927
0.052712
0.037504
-0.005893
0.004520
-0.002800
-0.057935
0.001502
-0.053695
0.011792
-0.047515
-0.001245
-0.000886
-0.001487
-0.032550
-0.007597
-0.000905
-0.023081
0.000699
0.163785
0.001033
-0.009789
0.110827
-0.113275
-0.001671
0.002082
-0.147004
-0.003683
-0.005353
0.002553
-0.001486
0.032984
0.002465
0.006940
0.001866
0.002675
-0.002452
-0.001692
-0.000913
0.010883
0.000528
0.042830
0.006974
-0.003457
-0.107298
-0.044196
-0.000156
0.023428
0.161435
0.094265
0.128499
0.022743
0.000715
0.002497
0.000760
-0.119967
0.026545
0.000847
0.055101
0.004335
0.000729
0.138334
0.003653
-0.000073
-0.049224
0.000293
0.066844
0.001483
0.005362
-0.002089
-0.058122
-0.003330
0.003687
-0.002169
0.002865
0.000755
-0.062928
0.007412
0.046386
-0.121574
0.008382
-0.001882
-0.003364
-0.005390
-0.001596
-0.193823
-0.040435
0.001440
0.001769
0.007127
0.011900
-0.001570
0.185558
0.001546
-0.084624
0.006717
-0.003038
0.021988
0.053660
0.055101
-0.007259
0.002315
0.003056
-0.016736
-0.002015
-0.005009
-0.001329
0.001233
-0.050840
0.001936
0.002977
0.002307
-0.002416
-0.117212
-0.005326
-0.006447
0.001392
0.002724
-0.042706
-0.005781
0.003033
0.043326
0.087443
-0.003862
-0.000834
-0.001735
0.038326
0.003425
0.001699
0.005328
-0.008114
-0.231530
-0.000792
0.083988
0.001245
-0.178547
-0.004045
0.008718
-0.006222
0.009964
0.006578
-0.004886
-0.000695
-0.005503
-0.074924
0.000958
-0.072504
-0.000051
-0.005924
0.103318
-0.035997
-0.167782
0.036309
-0.014379
0.012359
0.055262
0.008733
0.006309
-0.008482
0.084479
0.001568
-0.000254
0.056485
-0.001507
-0.020255
0.003052
-0.003418
0.013779
0.094993
0.062498
0.000412
0.004441
0.086452
-0.039151
0.001060
0.000671
-0.000098
0.016018
0.000068
-0.000924
-0.000749
0.000358
0.116701
-0.176082
-0.039794
-0.015244
0.002112
0.024829
-0.036108
-0.009291
-0.002842
0.003367
0.147580
-0.005048
0.367028
0.179887
0.154185
-0.101684
-0.065228
-0.253839
-0.006992
0.008802
0.034976
-0.007268
-0.083556
0.002077
-0.024933
0.000152
-0.191424
0.040351
-0.014574
0.004623
0.013770
0.142157
0.055896
0.007330
-0.003503
-0.083613
-0.000098
-0.046793
-0.008718
-0.018040
-0.001805
0.076760
0.003167
-0.002523
0.031806
-0.006155
-0.002017
0.002852
0.001335
-0.127452
-0.003121
-0.007349
0.004143
0.002426
-0.016104
-0.000056
-0.000389
0.004027
-0.007783
0.025814
0.014467
0.000664
-0.129913
-0.042383
0.033714
0.034372
-0.082562
0.072333
0.069155
-0.023710
-0.000737
-0.003778
0.026153
0.103322
-0.056022
0.003061
0.090887
0.056658
-0.000790
0.057073
0.000732
0.000622
0.070582
0.000007
-0.041696
-0.004972
0.005281
0.004713
0.097182
0.004280
0.004013
-0.027322
0.006003
0.002078
0.138232
0.004630
-0.115633
-0.101053
-0.032702
-0.001483
-0.003460
-0.008294
-0.000561
0.068465
0.011136
0.008468
0.001247
-0.067577
-0.051390
-0.010525
0.095675
0.008500
-0.018580
-0.050058
0.001118
-0.013916
0.212993
0.051427
-0.009373
0.000906
0.006538
-0.016833
0.002462
0.006160
-0.001016
0.014499
-0.024413
0.001338
-0.000937
-0.001215
-0.001614
0.048488
-0.002134
0.000449
0.001621
-0.000270
0.093200
-0.001791
0.005971
-0.055063
0.025531
0.000541
-0.006092
-0.000231
-0.043974
0.009619
-0.001979
0.001580
-0.028702
-0.000667
0.003076
0.119193
-0.000140
0.135195
-0.002437
-0.004470
-0.008833
-0.005330
0.009532
0.001629
-0.002610
-0.001202
-0.021960
0.005874
0.044298
0.003154
-0.006020
-0.228394
-0.034937
0.002738
0.049063
0.010971
0.005730
0.003112
-0.003525
0.002450
0.002216
-0.036431
0.000764
-0.004443
-0.134921
0.000155
-0.016208
0.006038
0.014566
0.000789
-0.022084
-0.026887
0.001106
0.005609
0.008251
-0.044592
-0.000236
-0.004872
0.003782
-0.001674
0.004777
-0.003329
0.003911
-0.001737
-0.147579
0.045400
0.031843
-0.000148
-0.000165
0.116127
0.032812
-0.002452
-0.001865
-0.003029
-0.098062
0.001322
0.201288
-0.100959
-0.009006
0.079814
-0.207466
-0.159363
-0.002803
0.075104
0.018814
0.000521
0.022722
-0.005682
0.176206
-0.005305
0.023978
-0.033125
0.006330
-0.004611
0.000216
-0.059462
0.102313
0.012490
-0.014673
0.191658
-0.001972
0.103145
-0.004469
0.015768
-0.141693
-0.088642
-0.002018
0.004531
-0.068711
-0.006785
0.003707
0.002631
0.002640
-0.011925
-0.004956
0.014024
0.000054
0.001995
-0.012221
-0.004830
-0.001365
0.015900
-0.000493
0.011107
-0.007990
-0.001265
-0.060963
-0.063814
0.007399
0.020763
0.149422
0.037997
0.028722
0.022328
0.001246
0.001855
0.021846
0.090491
-0.041715
0.007737
-0.057126
0.049460
-0.016660
0.099540
0.001623
0.003911
-0.024633
-0.003046
0.050650
0.002153
0.004704
0.004117
-0.194509
-0.001879
0.000261
0.010390
0.001649
-0.001517
-0.045135
-0.007075
0.023011
-0.105678
0.008488
-0.001058
0.002866
0.001104
0.000239
-0.057471
-0.016266
0.002478
-0.003153
-0.001565
0.041137
0.025822
0.134892
-0.001360
0.039087
-0.090284
-0.000570
0.139206
-0.128003
-0.037813
0.004933
-0.001967
0.000262
0.020071
-0.003031
0.000307
0.000941
-0.002197
0.105020
0.001704
0.001019
-0.000446
0.001830
0.068452
-0.000150
-0.000375
-0.000861
0.004963
0.054113
0.003652
-0.002491
0.019275
0.086690
-0.002839
-0.001717
-0.000822
0.199976
-0.005992
-0.004099
-0.000558
-0.031050
-0.015972
0.001352
-0.009253
0.000838
-0.087152
-0.000104
-0.016118
0.007291
0.041390
-0.003878
-0.006992
0.002865
0.003514
0.020923
0.001569
0.039142
-0.003426
0.001150
-0.001771
0.160310
-0.004743
-0.039634
0.040958
0.018957
-0.056362
-0.004346
-0.004458
0.001875
-0.048154
0.000588
0.002871
0.103357
0.000035
0.005160
-0.001164
0.008897
-0.012862
-0.037739
-0.130265
-0.000944
-0.000388
0.056346
0.111308
-0.000776
0.005484
0.004667
0.052183
-0.000280
0.005556
0.002390
0.000354
-0.127077
-0.167764
-0.058762
0.012601
-0.005796
-0.088182
0.017467
0.003219
-0.002700
-0.002032
0.039223
0.002884
-0.047559
-0.120976
-0.048039
0.009809
0.062864
0.182514
0.001508
-0.002874
-0.025126
-0.001960
-0.032237
0.000875
-0.094877
-0.000820
-0.028551
0.037783
-0.070209
-0.001312
-0.004499
-0.026369
-0.039427
0.002806
0.003730
-0.233927
0.003552
-0.072366
0.008188
-0.002216
0.203677
0.019598
-0.000090
-0.001445
-0.083477
0.002541
-0.027481
0.000342
-0.000206
-0.065168
0.002212
0.003001
0.000433
-0.007483
-0.050215
0.003980
-0.004089
-0.005163
-0.001247
0.026791
-0.002366
-0.001096
-0.016350
-0.042371
-0.017452
0.031698
0.045443
-0.069971
-0.167467
0.007883
0.002701
-0.000772
-0.018957
0.065346
-0.000054
0.000743
0.176386
-0.011774
0.008645
0.174585
-0.006545
0.002341
-0.078484
0.002895
-0.194671
0.000609
-0.002676
-0.003071
-0.089696
0.003122
0.000878
0.071973
-0.001909
-0.000272
-0.090570
-0.028989
0.029915
-0.141169
-0.058492
0.001326
0.010810
-0.001437
-0.001444
0.112085
-0.007954
-0.008777
-0.003566
-0.087270
0.053383
0.088039
0.054312
-0.000693
-0.013891
0.070300
0.000265
-0.032849
0.109203
-0.134443
0.002549
-0.001047
-0.000066
0.008298
-0.003109
0.001522
0.000436
0.000225
0.057519
-0.000549
-0.000111
-0.001780
0.000306
0.033087
0.002833
-0.000868
-0.000456
-0.001369
0.082668
-0.001502
0.001196
0.171747
0.064985
-0.002019
0.000581
-0.001083
-0.087257
0.000590
-0.002710
-0.001336
-0.018348
-0.063162
-0.000646
-0.118966
0.001114
0.100335
0.001089
-0.004233
-0.001781
0.081238
-0.002521
-0.025967
0.002489
0.000879
0.020835
-0.000395
-0.056940
-0.002390
-0.001159
-0.147825
0.206721
-0.138403
0.086440
0.001048
-0.019020
-0.066808
-0.003116
-0.002905
0.003975
-0.001111
0.004186
0.006134
0.105914
-0.001341
0.000250
0.002357
0.014043
0.001641
-0.014676
-0.057224
0.001984
0.003708
-0.062044
-0.116385
0.000113
-0.003239
0.002180
0.041627
0.001219
0.004986
0.001365
-0.002953
-0.211863
0.008055
0.033048
0.010792
-0.004128
0.041389
-0.072290
-0.001907
0.004297
-0.001174
-0.127394
-0.002294
-0.245284
-0.108854
-0.013231
-0.078006
0.004633
-0.005959
-0.000832
-0.083703
-0.010291
-0.003877
-0.063780
0.003558
0.125957
-0.002911
-0.026578
0.000966
0.013879
-0.001361
0.001383
-0.125764
0.015245
0.006984
-0.001888
0.129373
-0.000296
0.052021
0.001819
0.028806
-0.189005
0.101418
0.002297
-0.001452
-0.053065
-0.000273
0.013408
-0.001472
-0.000121
0.169224
0.000827
0.008240
-0.000326
0.000141
0.035010
0.004221
-0.002410
0.027970
0.000263
0.297534
0.003816
-0.002704
-0.094550
0.094570
0.003494
0.034614
-0.130792
-0.071714
-0.041804
-0.001218
-0.001268
-0.001871
-0.007170
0.082685
-0.025149
-0.003237
0.023068
-0.007624
0.011753
-0.071341
-0.001888
0.005766
0.002782
0.001696
0.049076
-0.001178
0.006075
-0.001281
0.113661
-0.017535
-0.001941
0.032110
0.005467
-0.002328
0.005733
-0.004028
-0.064704
-0.024397
-0.022282
-0.001293
-0.000616
0.003178
0.000247
0.100149
0.002231
0.003869
-0.002086
0.011824
0.056914
-0.065730
0.031338
0.002442
-0.023407
-0.007453
0.004619
-0.122464
0.076795
-0.055144
0.000712
0.000857
0.000867
-0.005152
-0.002512
0.000263
0.000018
-0.004221
0.066122
0.002082
-0.001689
-0.001310
0.000950
0.136744
0.000546
-0.003084
0.000366
0.003778
-0.018384
0.000163
0.000735
0.013287
0.205212
0.000637
0.000437
0.003403
0.030080
0.005300
0.003821
-0.003172
0.010363
0.120072
0.002516
-0.039622
0.000775
-0.162618
-0.000219
-0.004015
0.002941
0.006468
-0.004020
-0.002575
-0.000811
-0.001334
-0.013826
0.001443
-0.068439
0.000484
-0.000887
0.253682
0.144864
0.097966
-0.016959
0.036888
-0.009073
-0.020116
-0.002805
-0.000527
0.002606
-0.040739
0.000627
-0.000939
-0.097724
0.000705
-0.000654
-0.002755
0.001946
0.000176
-0.031310
-0.016755
-0.003067
-0.000655
0.057694
-0.055930
-0.002447
0.006686
-0.000798
0.104891
0.001967
0.000405
-0.000081
-0.000046
0.004210
-0.037944
0.186327
-0.001305
-0.002552
0.028928
0.040433
0.004696
0.000430
-0.000565
0.118527
0.002989
-0.052848
0.113232
-0.079667
0.081667
0.016016
-0.129180
-0.000506
-0.015629
-0.030024
-0.006515
-0.021900
-0.001426
-0.042258
-0.003143
0.065184
0.008556
-0.114529
-0.002456
0.001781
0.053198
-0.006321
0.006455
-0.005969
0.138685
0.001628
0.088761
0.002717
0.015517
0.107332
-0.093142
0.001194
-0.002453
-0.009184
0.002496
-0.003349
-0.001042
-0.000964
-0.022690
-0.002750
-0.000619
0.001429
-0.004922
0.009080
0.001202
-0.000362
0.006542
0.001353
-0.009120
0.000604
-0.002938
0.040731
-0.072788
0.019694
-0.030356
0.092802
0.041145
0.064590
-0.002957
0.000837
-0.000924
0.008075
0.111268
0.011995
0.000741
-0.081057
-0.030115
-0.006193
-0.001016
-0.004074
-0.001064
-0.108469
0.001130
0.015121
-0.002237
-0.005854
0.000641
0.032289
0.006689
0.001114
0.030256
0.005844
-0.000095
-0.161164
0.010076
-0.088366
-0.080714
0.048097
0.000875
0.005034
0.000581
0.003131
-0.078991
-0.000087
-0.011566
-0.002151
-0.040541
-0.012397
0.022091
0.139646
0.004499
-0.016953
-0.124654
0.006055
0.079303
-0.134647
0.028183
0.000657
-0.002732
-0.003172
0.030764
-0.003079
0.001962
-0.000756
0.002501
0.011267
-0.004040
-0.005767
-0.002862
-0.002104
0.080647
0.004861
0.004196
0.000767
-0.003565
-0.171494
0.006334
0.000161
-0.034537
0.068174
0.002550
-0.001746
-0.001524
-0.126896
0.014571
0.005911
-0.004648
0.033461
0.019879
-0.000965
-0.013880
-0.004511
-0.065118
-0.011885
-0.004463
-0.001317
0.049293
-0.000581
0.000078
0.003726
-0.006461
-0.001658
0.003836
-0.025870
-0.002722
0.002030
-0.004670
0.159395
0.246064
0.049618
0.052283
0.006510
-0.075370
-0.004875
-0.008463
-0.000016
-0.029307
-0.005115
0.003693
-0.036178
0.000163
0.009984
0.001164
0.004391
-0.011816
-0.037760
0.035335
0.003589
-0.003618
0.027172
-0.044752
-0.002743
-0.007938
-0.001424
-0.152273
0.000406
-0.007014
-0.000755
-0.003471
0.011678
-0.218213
-0.038171
0.017415
0.002933
-0.049542
0.001850
-0.001869
-0.000963
0.001745
0.037557
0.005132
0.072156
0.149790
-0.043249
0.030474
0.162995
0.101433
-0.001544
-0.005378
0.036877
0.004811
0.005353
-0.003275
0.125627
0.002231
-0.096541
-0.023791
-0.131073
-0.002941
0.002777
0.101342
-0.079270
-0.002211
0.004471
0.163420
-0.008941
0.167392
0.005447
0.046678
0.264126
-0.112809
0.006389
0.001139
-0.103048
0.006660
-0.005692
-0.007188
0.002245
0.078567
0.005245
0.002490
-0.005468
-0.000393
0.013537
-0.006444
0.003419
-0.009465
0.002375
-0.008083
0.004600
0.000954
0.056881
-0.096133
-0.015168
-0.001277
0.046228
0.105173
-0.012359
-0.001941
-0.003512
-0.005576
-0.023447
-0.015715
-0.029691
-0.001950
0.064089
0.035804
-0.028652
0.028958
0.006458
0.000285
-0.184978
-0.002052
0.093699
0.000499
-0.000020
-0.003398
-0.055176
-0.009640
-0.001283
0.049117
0.000169
-0.001722
-0.024735
-0.003987
0.077129
0.160511
0.009229
-0.002476
-0.006288
-0.001869
0.001121
-0.010796
-0.002912
-0.000835
-0.005261
0.024224
-0.063278
-0.030455
0.190560
0.003193
-0.011108
-0.001577
0.001870
-0.095649
-0.005432
0.278262
-0.000240
0.002221
0.002493
0.016768
-0.007854
-0.000144
0.000279
-0.004385
-0.142219
0.005660
-0.002631
-0.002592
0.000752
-0.197987
-0.001205
-0.000421
0.002035
0.004071
0.067585
0.002856
0.000824
0.022978
-0.130877
0.004300
0.001390
-0.003077
0.073248
0.001499
0.005389
0.000327
-0.007347
-0.029590
0.001447
-0.191086
-0.006339
-0.044291
-0.005894
-0.003052
-0.001696
-0.007432
-0.000595
0.007994
0.000402
-0.003027
0.005483
-0.000402
-0.011805
0.000256
-0.003927
-0.025646
0.010934
0.137931
-0.034455
0.043915
-0.001915
-0.043958
0.000163
-0.004356
0.010132
0.027909
-0.000043
-0.000227
-0.157723
0.000267
-0.000099
0.002623
0.005811
-0.001637
0.028703
-0.017109
0.001730
0.000649
0.057087
0.209341
0.000268
0.005900
-0.002379
0.005657
0.001584
-0.001504
0.003574
-0.000587
0.099802
-0.046452
0.000824
0.004948
-0.000753
-0.014577
-0.039176
-0.004341
-0.002493
0.000867
-0.007782
-0.004862
0.312079
0.003823
-0.110755
0.094723
0.069969
-0.161657
-0.003107
-0.031333
-0.030625
-0.003792
-0.020394
0.001636
0.021455
-0.001759
-0.105947
-0.001427
-0.082716
-0.000440
0.004671
0.260201
0.033711
0.009111
-0.001332
-0.043846
0.001253
-0.047589
-0.004018
-0.022333
0.106518
-0.062517
0.004164
0.000828
0.062097
0.001707
-0.019754
-0.004798
0.002474
-0.015821
0.001211
-0.002590
-0.002382
-0.002473
-0.025995
-0.002198
0.001430
-0.014454
-0.002310
-0.280608
-0.002975
0.001797
0.120173
-0.002697
-0.008471
0.007055
0.228013
0.033118
-0.161854
-0.011994
-0.003400
-0.005584
-0.009041
-0.164226
-0.006289
-0.003523
0.012479
0.002703
0.008681
-0.231659
-0.000325
0.003622
0.097796
0.003182
0.041950
-0.007623
-0.003992
0.000648
-0.049285
0.000971
-0.000653
0.031862
-0.003297
-0.000222
-0.034814
-0.003718
0.123683
0.030184
-0.064335
-0.000236
0.003167
-0.004159
-0.001174
-0.024877
0.038364
0.001928
0.003228
0.021145
0.107248
0.041246
-0.109934
-0.002427
0.027993
0.005243
0.001631
0.116688
-0.193134
0.059271
-0.001628
0.000087
-0.001038
0.016196
-0.000379
0.002147
0.001094
-0.000245
-0.189528
-0.002529
-0.004235
0.004139
-0.001285
-0.124875
0.002692
0.004902
0.001138
-0.000347
-0.174630
0.001438
-0.003357
-0.111207
0.055701
-0.003866
0.003393
0.000275
0.038562
0.017430
0.001569
0.001073
-0.072141
-0.029145
-0.000493
0.035167
0.003683
-0.060176
0.000813
0.007439
-0.000104
0.011912
0.002911
0.003623
0.004913
-0.006039
-0.006865
-0.000140
0.009744
-0.002524
0.001643
-0.037513
0.027288
0.099166
-0.007472
-0.020134
0.022460
0.008703
0.001577
-0.004678
0.001562
-0.043976
-0.002644
-0.001037
-0.096214
0.003503
-0.008252
-0.001665
0.003555
0.003497
0.059028
-0.011304
-0.001500
-0.002247
0.050958
-0.245971
0.000944
-0.000575
-0.000864
-0.189526
0.000803
-0.000638
-0.002557
-0.002902
-0.202988
-0.088787
0.030042
-0.003158
0.003501
-0.027445
-0.016540
0.003452
0.015546
0.001326
0.017350
0.002364
-0.011553
-0.134814
-0.177345
-0.131447
-0.071606
-0.011064
0.002576
-0.008659
-0.044069
-0.008943
0.011634
-0.002975
0.013456
-0.001728
0.200551
0.047738
0.120746
-0.006443
0.001647
-0.086649
0.072129
-0.008784
0.005831
-0.148641
0.001631
0.145490
-0.006982
-0.016156
0.075766
0.024456
-0.003108
-0.001294
-0.021342
0.005107
-0.012743
0.003294
-0.002201
0.157065
0.002961
0.002589
0.000763
-0.000700
-0.014383
-0.000687
0.000879
-0.008989
0.000175
0.022712
-0.014628
-0.000849
-0.099490
-0.030710
-0.007828
0.008845
-0.209610
0.091805
0.123737
-0.011611
0.000567
0.000386
-0.006271
-0.109121
-0.038828
-0.001832
-0.211673
0.011353
0.003232
-0.219936
-0.003984
-0.005939
0.096652
0.003772
0.216748
0.000080
0.003459
-0.003439
-0.039250
-0.003478
0.004312
0.010304
-0.006382
0.000969
-0.053398
0.021219
0.002550
0.077823
-0.007040
0.000050
0.003270
0.015124
0.002279
-0.157078
-0.039471
-0.003236
-0.000306
0.094636
0.171746
-0.051408
-0.029863
-0.011897
0.071243
-0.068960
-0.000095
-0.055152
0.103241
0.036695
0.003117
0.001964
-0.002381
0.013201
0.004717
-0.012172
-0.000566
-0.008020
0.212332
-0.000415
-0.003649
0.007900
-0.002404
-0.104962
-0.006220
-0.010226
0.001843
-0.007495
0.065748
-0.002117
-0.008823
0.012752
0.135946
0.002312
-0.001855
-0.002517
-0.082046
-0.005353
0.005858
-0.001827
0.009896
0.101979
-0.000513
-0.070978
0.001743
0.139486
0.004276
0.010746
0.001686
-0.040028
-0.003743
0.020871
-0.000278
-0.003952
-0.051424
0.003616
-0.076863
0.000205
0.003168
0.006521
0.242165
0.061137
0.006042
-0.013637
-0.010880
0.102329
0.005651
-0.003293
-0.004341
0.096113
0.002028
-0.003240
-0.114509
-0.003339
0.002574
-0.001118
-0.015459
0.004576
0.039658
0.140316
-0.006675
-0.004280
0.021261
-0.168571
0.000621
0.009479
-0.001399
0.151809
-0.003955
0.002306
-0.005509
0.003961
-0.142223
0.092159
0.086964
-0.017806
0.002019
-0.061375
0.065338
-0.008031
-0.010049
0.009206
0.179094
-0.005459
0.029746
0.175240
-0.057009
-0.128757
-0.001385
-0.008838
-0.002976
0.014935
0.016071
0.000910
-0.011690
0.002394
-0.065658
0.005774
-0.057680
0.009981
0.071809
0.002948
0.009012
0.144175
-0.082632
-0.023176
0.006994
0.007871
-0.000402
0.181418
-0.000359
-0.036132
0.142358
0.123242
0.007799
-0.003824
-0.019339
0.002640
0.002492
0.000975
-0.006028
-0.293827
0.006312
-0.021522
0.000258
-0.000986
-0.028660
-0.004959
0.000208
-0.019089
-0.003222
-0.014247
0.006111
-0.000052
0.014112
-0.058246
-0.014166
-0.030805
-0.051343
0.025727
-0.083986
-0.046872
-0.000718
-0.002886
-0.011713
0.244212
0.014730
-0.002348
0.224500
-0.031147
-0.015374
-0.315205
0.019557
-0.010375
-0.056686
0.002480
0.033110
-0.001187
0.004952
0.002686
0.049332
0.015160
0.000879
-0.101513
0.017755
-0.000869
0.082198
-0.017136
-0.040974
0.313254
0.006655
-0.003455
-0.020420
-0.003654
-0.003966
-0.069900
0.016722
0.009762
-0.002582
-0.017612
-0.030547
-0.059950
-0.053410
0.010185
-0.072648
-0.002438
0.003598
0.063506
-0.148643
0.051787
-0.001139
0.002958
0.004620
-0.009415
-0.004187
0.002909
0.000774
0.004062
-0.041862
0.003317
0.004117
-0.005343
0.001788
0.016056
-0.004568
0.005873
-0.000513
0.009323
0.055302
-0.000548
0.010562
0.057426
0.080626
0.001814
0.003907
0.000406
-0.001072
-0.007627
-0.002762
-0.006484
-0.008448
0.055138
-0.000911
0.036537
-0.005839
0.310534
0.000399
-0.007658
-0.001301
-0.148986
-0.002077
-0.015983
-0.004831
-0.005595
-0.017463
-0.000262
0.079333
-0.001390
-0.012368
0.107178
0.093498
0.013197
0.011191
0.028128
-0.020121
-0.046171
0.002689
0.003013
0.006935
-0.014809
0.003226
0.003531
0.056265
0.000882
-0.015615
-0.002702
0.009810
-0.003294
-0.010913
-0.021421
0.008394
0.005574
-0.023239
0.005171
-0.002763
0.000857
0.000947
0.137616
0.002299
0.001241
0.004585
0.000916
-0.151208
-0.086952
-0.029325
0.003609
-0.003467
-0.023127
-0.009451
0.009040
-0.011358
-0.008048
0.238879
-0.005872
-0.140405
-0.102794
0.010124
0.030531
-0.032192
0.059990
0.001480
0.023402
-0.028979
0.000481
-0.013941
-0.001821
0.213371
-0.005177
0.009826
0.018298
0.057549
-0.001442
-0.001659
-0.116878
0.030540
0.036703
-0.005158
-0.134582
0.002066
0.140342
-0.005606
0.034549
0.146615
-0.022897
0.004911
-0.002506
-0.004940
-0.000003
-0.014382
-0.004971
0.004868
-0.040788
-0.009709
0.001235
-0.000594
-0.005492
-0.019092
0.000215
-0.006548
-0.016690
-0.000986
0.110276
0.011489
-0.001131
-0.000766
0.016574
0.010049
-0.014331
0.279820
0.056304
0.002314
-0.006225
-0.001766
-0.006579
0.022823
0.116287
-0.003375
0.009156
-0.030672
0.005640
-0.004308
0.098789
-0.009328
0.006478
0.003100
0.001483
0.015348
-0.002727
-0.008839
0.003323
0.093921
0.007269
0.000728
-0.036246
-0.000733
0.003558
-0.029369
0.022421
0.010552
-0.060457
0.027967
-0.001821
0.003838
0.010609
0.002102
0.046667
-0.013741
0.007222
-0.000035
0.010559
-0.029963
-0.042640
-0.108039
0.001115
0.059342
-0.105028
0.000218
-0.076099
-0.037965
0.041975
-0.000358
0.001473
0.002865
0.008660
0.001122
-0.004073
-0.000638
0.001908
-0.112216
0.002537
0.000354
0.001553
-0.001597
0.002990
-0.004988
-0.005069
0.001869
-0.002115
-0.005632
-0.001430
-0.005846
-0.077197
-0.121155
-0.000812
-0.004967
-0.006313
-0.059428
0.003567
0.001930
-0.001405
0.002453
0.153151
0.000054
0.021773
-0.001888
0.094301
-0.005057
0.001710
-0.001057
-0.009872
0.000944
-0.010134
-0.002098
-0.003105
-0.027570
0.007488
-0.023280
-0.000498
-0.000651
-0.060852
0.037086
-0.089280
0.057135
0.084610
-0.001331
-0.011938
0.004843
0.000393
0.007753
0.049590
0.000809
-0.001502
0.094580
-0.000993
-0.002364
0.002455
-0.000709
-0.002922
-0.021807
0.028201
-0.000531
-0.000496
-0.023290
-0.087142
-0.000299
0.002124
0.002178
-0.004692
-0.000481
0.000551
0.002261
0.004184
-0.227686
0.060538
0.009521
-0.007469
-0.000946
-0.105274
0.062224
-0.002779
-0.009364
0.005649
-0.150264
-0.008124
-0.226909
0.135877
-0.122493
0.149658
0.093040
-0.008131
-0.003933
0.030411
-0.065735
0.009905
0.003490
-0.000869
-0.092856
-0.006067
-0.060053
0.012386
-0.017539
0.000901
0.004638
-0.097056
-0.043149
-0.008444
-0.001076
-0.026331
-0.001534
-0.038509
0.002788
-0.002199
-0.086837
-0.087476
0.007418
-0.002578
-0.087388
0.000196
0.005966
-0.002160
-0.001078
0.015329
-0.001060
-0.004599
-0.000865
0.001936
-0.023009
-0.005214
-0.003153
0.000797
-0.003686
0.025184
0.020962
-0.001305
0.091957
-0.010551
-0.010287
-0.000641
-0.015993
-0.069195
-0.036823
-0.059593
-0.003501
-0.003975
-0.000707
-0.106362
0.071082
0.005117
0.015637
0.008867
-0.026628
-0.037936
0.020361
-0.002039
-0.038496
0.001319
0.087149
0.001618
0.004817
0.006075
-0.012950
0.011548
-0.003068
-0.090590
-0.007132
-0.002868
0.205256
-0.003294
0.027444
-0.110664
-0.003877
0.001178
0.003299
0.007442
-0.000242
-0.111895
0.008445
-0.000759
0.005682
-0.000557
-0.035539
-0.003505
0.013815
-0.001701
-0.003470
-0.158249
0.000201
0.042443
0.019149
0.016465
0.002362
-0.000220
-0.002666
-0.030687
0.013200
-0.003256
0.001232
0.005105
-0.224992
0.001107
0.003378
0.001133
0.000936
0.056812
-0.000137
-0.003886
-0.001563
-0.002209
0.137482
-0.004539
0.000904
-0.028574
-0.071584
0.004484
0.000848
0.001690
0.013750
-0.006909
0.002181
-0.003989
0.028290
0.081033
0.002484
-0.011864
0.003648
0.062619
0.006628
0.013984
0.001085
-0.084132
-0.000589
-0.003105
-0.002447
0.010971
-0.002568
-0.000467
0.047253
0.002251
0.003068
0.021657
0.005080
0.001934
0.027641
-0.040101
-0.019221
0.053326
0.003655
0.005793
0.004351
0.101490
0.000999
-0.003383
-0.185054
0.000366
0.004484
-0.005547
-0.012182
-0.000646
-0.069514
0.125999
-0.005303
0.001489
0.047717
-0.234000
0.000834
0.001114
0.000294
-0.173845
-0.000729
-0.001058
-0.005006
0.001167
-0.174657
-0.109605
-0.010603
-0.012107
-0.000417
0.109427
0.024743
0.001744
-0.006498
0.000362
-0.121813
-0.000448
0.113383
-0.107376
-0.063026
-0.078913
0.039539
0.135844
-0.000700
0.047336
-0.005284
0.004860
0.030265
0.001439
0.022550
0.001849
0.039095
-0.069058
-0.054542
0.002051
-0.000228
-0.074123
-0.031320
-0.012852
-0.003556
-0.144157
0.000646
-0.049963
0.001371
0.006751
0.203667
-0.037008
-0.001655
-0.006019
0.078984
0.000991
0.036466
0.003451
-0.001912
-0.001109
0.000366
-0.001122
0.001098
0.001361
0.067046
-0.004066
-0.000022
0.002330
0.001845
-0.005914
-0.007482
-0.002773
-0.107626
-0.053654
0.019929
-0.018223
-0.224916
0.201113
0.099973
0.010437
0.005393
0.001334
0.012223
0.143780
0.088454
0.002253
-0.068553
-0.029587
-0.011938
0.211619
0.004960
-0.005348
-0.028963
-0.002288
0.022075
0.000466
-0.001720
0.001151
0.013420
0.014201
0.001775
-0.066342
0.006555
0.000592
-0.097923
-0.004458
0.060345
-0.033279
-0.040396
-0.000423
-0.006554
-0.008463
-0.001700
0.194571
0.024594
0.001139
0.001073
-0.020151
-0.001964
0.079752
0.026866
0.003420
-0.027971
-0.002700
0.000789
0.104410
-0.108112
0.311501
-0.006183
0.000715
0.003711
-0.000475
-0.002809
0.003685
-0.000526
0.005757
0.160603
0.005165
0.002074
0.002550
-0.000079
-0.050362
0.000027
0.004365
-0.000815
0.006188
0.051671
-0.000739
0.005720
0.025965
0.100714
-0.000062
-0.001247
-0.000120
-0.068803
0.007532
-0.005602
-0.001123
-0.011865
-0.038111
0.002248
-0.096589
0.002642
0.135977
0.002447
-0.008088
-0.003167
0.143954
0.006102
-0.001342
0.001448
0.000421
-0.013063
0.005118
0.035583
-0.001007
-0.005969
0.135980
-0.038335
0.022334
0.006556
0.020449
0.023240
0.007022
-0.000009
-0.002706
0.009411
-0.026297
0.001272
0.001218
-0.191550
0.001325
-0.015281
-0.000036
0.010259
-0.004343
0.012848
-0.006074
-0.000399
0.003005
0.006174
0.101028
0.000127
0.003995
0.003768
0.090050
0.001334
0.001138
0.002995
0.001125
0.089803
-0.016642
0.048789
-0.000087
-0.001705
-0.160993
0.000677
0.002937
0.001542
-0.004359
0.022285
0.002979
0.135412
-0.119747
0.049262
-0.053485
0.049914
0.058106
0.000947
-0.068365
-0.013422
-0.006817
0.002515
-0.001808
0.002726
-0.000524
-0.006358
-0.018842
0.004264
-0.003027
-0.002292
0.093103
-0.026908
0.017416
-0.005431
-0.111252
0.002988
-0.064388
-0.006838
-0.010277
0.113845
0.011611
0.000207
0.005122
-0.020815
-0.002541
-0.026247
0.001182
0.002151
0.049566
-0.002831
0.005510
-0.001501
-0.003377
-0.030444
-0.001294
-0.003170
-0.008585
0.001160
0.173173
-0.012021
0.000108
0.136986
-0.034272
0.022938
0.006102
-0.074435
-0.158755
0.144990
0.033326
0.002937
-0.002323
0.009445
0.091250
-0.001140
0.005284
0.151289
0.053577
-0.004997
0.034398
-0.000227
0.003186
0.097398
-0.001704
0.170495
-0.000879
0.000423
0.000015
-0.196390
0.002141
0.005055
0.051859
-0.006300
0.007361
0.036132
-0.009416
0.018971
-0.073192
0.009041
0.004451
0.011018
-0.007019
-0.002880
-0.075396
0.006380
-0.001763
0.000636
-0.060233
-0.160355
0.072056
-0.096036
0.003442
-0.035568
-0.083795
-0.004577
0.082760
0.095940
-0.097525
-0.003916
0.000239
-0.001023
-0.000114
-0.004910
0.002779
-0.001931
0.005315
0.003483
-0.005748
0.002921
-0.000651
-0.000673
0.029556
0.003285
0.002194
-0.000912
0.000111
-0.062945
-0.002823
-0.000047
0.157349
0.160474
-0.003777
0.000597
0.001856
-0.051122
0.006783
-0.004597
0.004379
-0.034137
0.024359
-0.003839
0.031054
-0.000509
0.108723
-0.002300
-0.002738
-0.004676
-0.037833
0.004781
-0.016089
0.001117
-0.002835
0.008057
0.001406
-0.136745
-0.001530
-0.002225
-0.031906
0.058891
0.004057
0.030214
0.021858
-0.000844
-0.044579
-0.003389
0.001987
-0.001441
0.013998
0.001104
0.003761
-0.102176
-0.000010
-0.007712
0.003022
0.009964
0.010242
0.033938
-0.023305
0.002710
0.005549
0.005092
0.066615
0.002550
-0.007555
0.001762
-0.105057
0.000967
0.005053
0.001280
-0.004535
0.122597
-0.145953
-0.140284
0.006038
0.001767
0.131952
-0.092753
-0.002332
0.015925
-0.003123
-0.033994
-0.001084
0.091245
-0.168241
-0.115296
0.192987
-0.141749
-0.027854
0.001553
0.006020
-0.044955
0.001358
-0.027189
0.000188
0.054738
-0.001418
0.134128
0.043728
0.020608
0.001649
0.001463
0.081981
0.010316
-0.004317
0.000240
-0.191014
-0.005584
0.065276
0.009949
0.024759
0.016369
0.041270
-0.003077
0.001110
0.086143
-0.007132
0.032118
0.004014
-0.001569
0.205123
-0.000299
0.007484
0.001727
-0.000822
0.017394
0.006883
-0.004521
0.014276
0.002706
-0.091477
0.001727
-0.000009
-0.120811
-0.061878
0.007947
0.074468
0.314390
0.022738
0.064172
-0.015516
0.000859
0.002785
0.005553
-0.008124
-0.020615
-0.001607
0.119015
0.015614
0.012329
0.143586
0.004206
0.001791
-0.104386
-0.000761
-0.046974
0.002606
0.009971
-0.000105
-0.005012
-0.021247
-0.000181
0.073495
0.006218
0.003946
-0.002586
0.000588
0.060594
-0.102275
-0.010610
0.002151
-0.007865
-0.009615
-0.002703
0.101902
0.020738
0.010019
0.005871
0.008818
-0.134236
-0.049960
-0.360798
0.004998
-0.047992
-0.085692
-0.001491
-0.095845
-0.127764
0.041607
-0.009142
0.002839
0.001305
-0.021733
0.001522
0.008038
-0.001740
0.006324
-0.116507
0.005856
0.002343
0.000954
0.000301
-0.093116
0.001635
0.007037
0.000491
0.004868
0.093862
-0.003543
0.003438
0.058911
-0.231950
-0.004141
0.001115
0.003408
0.026503
0.012187
-0.000493
0.005618
0.033021
-0.159774
-0.001003
0.066298
0.007666
0.021903
0.002256
-0.000718
-0.001890
-0.050545
0.007552
-0.013866
0.001427
-0.004928
0.003769
0.001810
0.083456
-0.000977
-0.004660
0.015235
0.088940
-0.163582
-0.030719
-0.030889
0.036646
-0.004438
0.001550
0.004080
0.001985
-0.062483
-0.001217
-0.001967
0.272976
0.001766
-0.020209
-0.000836
0.003029
0.006361
0.083965
-0.157624
0.000208
0.002679
-0.008644
-0.053492
0.000262
0.001267
-0.002318
0.196976
0.002381
-0.002941
-0.001111
-0.000955
0.006277
-0.169366
0.042102
-0.006773
0.003607
-0.006596
-0.056150
0.005791
0.011762
-0.003989
0.181479
0.003401
0.025332
0.087892
0.090588
0.024197
0.030267
0.010917
0.004083
-0.012488
0.033469
-0.005448
0.021648
-0.003484
-0.069965
-0.004049
0.029983
0.030864
0.010624
-0.002293
-0.004160
-0.151621
0.050187
0.007818
-0.005529
-0.215642
-0.000638
-0.047702
-0.012323
-0.021745
0.070492
0.004367
-0.005836
0.004425
0.201739
-0.004365
-0.008588
0.002131
0.002177
-0.199341
-0.006398
0.004902
0.003143
0.000672
-0.010335
0.002059
-0.004903
-0.013825
-0.001955
-0.002896
0.005356
-0.000977
-0.078788
0.084390
0.033557
-0.048068
0.102243
0.164482
0.074748
0.021578
0.005261
0.004591
0.029096
-0.056607
-0.032173
0.005690
-0.028054
0.076078
0.012620
0.085555
0.000076
-0.003816
-0.029207
-0.003098
-0.053582
0.002489
0.000464
0.001037
0.072005
-0.000322
0.005259
-0.068072
0.013406
0.001817
0.020789
-0.006031
-0.093307
0.002475
0.024214
0.001354
-0.007104
-0.005001
-0.001513
-0.177068
0.008043
0.007729
0.001684
-0.054499
0.110747
0.021347
0.172597
0.004789
0.002667
-0.060878
0.000829
0.089892
0.158897
-0.079251
-0.003977
-0.000816
0.000220
-0.011168
0.005427
0.005910
-0.001289
0.001791
0.166652
-0.007243
0.004926
-0.001874
0.001864
0.200393
0.000885
0.003127
-0.002536
0.003270
-0.131796
-0.000937
0.006298
-0.060902
0.017629
-0.002686
-0.000810
0.003557
-0.077359
-0.007037
-0.004880
-0.003639
0.025780
0.051509
0.001274
0.059869
0.001625
0.079585
-0.000791
-0.013344
0.000868
-0.063752
0.000607
-0.008965
-0.002236
0.008291
0.024413
0.001975
0.095593
-0.000873
-0.002890
0.044854
-0.168505
-0.135720
-0.006507
0.009201
-0.011439
0.002615
-0.001502
0.000133
0.003897
-0.061018
0.000017
0.000588
0.068311
0.000525
0.001680
-0.001586
-0.000875
-0.007600
-0.053315
-0.037255
0.004170
-0.001725
0.014115
-0.017962
-0.003646
-0.000923
0.001712
-0.204520
0.000306
0.004060
0.001652
0.003898
-0.001841
0.032261
0.026533
0.007214
-0.001848
0.009219
0.036279
0.007723
-0.011198
-0.005478
-0.062498
0.007043
-0.137978
-0.011899
0.020577
0.079203
-0.030343
0.054906
0.003293
0.011241
0.022753
-0.000662
0.007441
-0.000628
0.092294
0.001563
0.011352
-0.043311
0.061471
0.001248
-0.005561
0.096026
-0.062573
0.019239
-0.008088
0.125714
0.002273
0.117388
0.005253
0.014299
0.020818
0.071380
-0.000848
0.005554
0.116815
-0.002638
-0.010852
-0.000901
0.001135
-0.111733
-0.004578
0.005950
0.000582
-0.004328
-0.018681
0.000989
-0.003718
0.001837
0.004182
0.000244
-0.004966
0.000373
-0.014728
0.038865
-0.005093
0.011952
-0.092561
-0.115221
0.070597
0.021688
0.004317
-0.000103
0.003870
0.149649
-0.010691
0.007336
-0.174610
-0.000938
0.006791
-0.140737
-0.007196
0.001323
-0.066713
-0.003650
0.092190
-0.001540
-0.006353
0.000746
-0.199973
-0.005832
0.003228
0.026313
0.009806
-0.002416
0.218807
-0.019003
0.086136
-0.088981
-0.014119
-0.004666
0.006265
0.005130
0.001672
0.067976
-0.028159
-0.010816
-0.004053
0.021088
0.044120
0.004479
0.023503
-0.001072
-0.001584
-0.057213
0.006387
0.036878
0.115374
-0.049550
0.001802
-0.002356
0.000669
0.013628
0.000108
-0.003948
0.000142
-0.003557
-0.139566
-0.001606
-0.004306
0.004136
-0.003693
-0.027382
-0.004457
-0.003598
0.002212
-0.001841
-0.029145
0.002294
-0.000150
-0.115308
-0.056629
0.002001
-0.003023
0.000047
0.104235
-0.009137
0.003404
-0.011177
-0.003110
-0.061979
0.001041
0.005435
-0.004346
-0.012782
0.002583
0.009591
-0.000287
0.097102
-0.005538
-0.001854
-0.002536
0.006049
-0.090931
0.003794
-0.003740
-0.002150
0.000970
0.086385
-0.041137
-0.002524
0.037443
-0.084377
-0.014671
0.042480
-0.000405
-0.003142
0.003235
-0.040098
0.001312
0.000772
-0.153626
-0.001182
-0.011237
-0.001847
0.005505
0.001204
-0.011843
0.012780
-0.003347
-0.000693
-0.020988
0.048138
-0.004295
-0.002963
0.001015
0.049406
-0.001192
-0.006115
-0.001371
0.006269
0.052496
-0.091389
-0.035296
-0.007848
0.002942
0.071716
0.056330
-0.002163
-0.011684
-0.000073
-0.055688
-0.000277
0.158497
0.066257
0.101407
0.116272
0.086705
-0.057374
-0.002810
-0.049485
-0.009820
-0.000722
-0.066453
-0.001957
0.041685
0.003847
-0.071771
0.015956
0.015958
-0.001770
0.004597
0.055005
0.012679
0.005325
0.008184
-0.039249
-0.000898
-0.115144
-0.000028
0.032232
-0.111096
0.082489
0.008794
-0.004119
-0.070858
0.008411
-0.002417
-0.005883
-0.002732
-0.079596
-0.000844
-0.001861
-0.003506
-0.000514
0.014113
-0.002506
0.004272
-0.001297
0.000738
0.055886
-0.003737
-0.002216
0.025423
0.045828
0.006824
0.005201
0.059976
-0.083305
-0.270437
-0.016407
-0.003293
-0.006917
0.008001
-0.027712
0.022367
0.001557
0.072477
0.049786
-0.033883
-0.041382
0.004528
0.001127
-0.104078
0.000755
0.159572
-0.004081
-0.002770
0.000251
-0.168419
0.005091
0.001013
-0.051363
0.016978
0.000866
-0.007499
-0.007657
0.077151
-0.020528
-0.036679
-0.001365
-0.004247
-0.002818
-0.002021
0.049118
-0.002596
0.000893
-0.000090
-0.053608
0.033638
0.059827
-0.088611
0.006292
-0.119743
0.018324
0.002452
0.017724
-0.122171
0.003586
-0.005990
-0.000101
0.002794
-0.010638
0.002748
-0.001890
-0.002930
0.000530
-0.049615
0.003080
0.002005
0.001858
-0.002326
-0.103433
0.001833
-0.001304
-0.000840
0.002791
-0.138961
-0.004416
0.008198
-0.082879
-0.124399
-0.003761
-0.003307
0.002559
0.095499
0.012649
-0.002346
-0.001927
0.061235
-0.066226
-0.000560
0.047365
-0.000279
0.232048
-0.006317
-0.008661
-0.002938
-0.027389
0.001809
-0.014823
-0.001478
-0.002848
-0.016517
0.006847
0.007271
0.002829
-0.006919
0.074711
-0.061998
-0.032048
0.067629
0.000379
-0.059934
0.005579
-0.003544
0.002466
0.017196
0.039058
0.002755
-0.000332
-0.023726
-0.003247
-0.013195
0.001224
0.002316
0.003220
-0.009229
-0.012407
-0.001075
0.001147
-0.001850
0.075902
-0.002354
0.006271
0.003253
-0.098932
0.001593
-0.004074
-0.001316
-0.000846
0.009768
-0.152855
0.033213
-0.004329
-0.002827
-0.070467
0.002888
-0.003385
-0.012496
-0.003053
0.027410
-0.000611
0.008072
-0.262406
-0.161354
-0.062016
0.160046
-0.163717
-0.006708
-0.003955
-0.049126
-0.004991
-0.053234
0.003365
-0.102020
-0.001907
-0.089926
-0.000111
-0.021306
0.007552
0.004617
-0.000802
-0.030307
0.026285
-0.015244
-0.052742
-0.003652
-0.165290
0.007522
0.018317
-0.122267
0.006074
0.008042
0.003293
0.098387
-0.003567
0.011580
-0.003249
0.000204
0.187209
-0.000873
-0.004553
-0.004118
-0.001371
0.015127
-0.000934
-0.002685
0.032897
0.001741
0.034611
-0.005909
-0.002010
-0.028630
-0.077034
0.033755
-0.009965
-0.105789
0.035665
-0.139155
-0.006446
-0.001598
-0.005968
0.019133
0.061673
0.065439
0.004747
0.010106
0.039500
-0.005587
0.081478
0.012836
0.001608
-0.025135
-0.007098
0.121804
-0.005835
0.002803
0.003827
0.116920
-0.000976
0.000247
0.025397
0.010787
-0.001633
0.084683
-0.009950
-0.030455
-0.140874
-0.005391
-0.002061
-0.010905
0.002488
-0.003453
0.088611
-0.013312
0.009275
0.001159
-0.017737
-0.030412
-0.019001
-0.042087
0.004973
-0.049801
-0.016845
-0.004056
-0.037476
0.103823
0.216570
0.000425
0.001428
0.003287
-0.022983
-0.000272
-0.002327
-0.000322
-0.001882
0.018236
0.002384
0.007837
-0.002033
0.000787
0.026780
-0.004362
-0.006258
-0.002980
0.005863
-0.021657
-0.003328
0.005038
-0.039413
0.176598
-0.001007
0.001843
0.001956
0.081699
-0.011385
-0.005633
0.000267
-0.009207
0.184200
-0.001265
-0.049610
-0.002987
-0.102388
-0.000270
-0.004542
0.002212
-0.099124
-0.000165
-0.006478
-0.004119
0.004023
-0.009384
-0.001402
0.034654
0.002092
-0.005858
-0.156596
0.076093
0.015168
0.002612
-0.046905
-0.010279
0.065332
0.003422
0.009876
0.004682
0.011747
0.005379
-0.000781
0.150397
-0.001037
-0.015777
-0.001921
-0.007217
0.001388
-0.007251
0.039258
0.003644
0.002500
0.059823
-0.125466
-0.000759
0.011799
-0.000076
-0.033451
-0.001292
0.001179
0.001023
0.003061
-0.137583
0.070258
-0.078505
-0.006429
-0.002884
0.015748
0.001376
0.004611
-0.011552
-0.002714
-0.010908
-0.007458
-0.003991
-0.004988
-0.239950
-0.043252
0.021796
-0.036979
-0.003368
0.052904
-0.001641
-0.001458
-0.010535
0.004530
0.043131
-0.000767
-0.008344
-0.008392
-0.078654
0.007745
0.002037
-0.062267
-0.018470
0.025266
-0.007533
-0.190627
0.003585
0.123684
0.000563
-0.014541
-0.087924
0.023733
0.000559
-0.002082
-0.045476
-0.005839
-0.002056
-0.000443
-0.001237
-0.070896
-0.005904
-0.004976
0.001356
0.001327
-0.005113
0.005042
-0.004686
-0.002354
0.000131
-0.069948
0.003123
-0.000142
-0.207365
0.054856
0.010803
0.007806
0.062425
-0.104867
-0.231099
0.019717
0.000415
-0.001952
0.014870
-0.167974
0.015050
0.005793
-0.057688
-0.020237
0.003906
0.056929
-0.001745
0.002855
0.128960
-0.004286
-0.023897
-0.004876
-0.005566
0.004063
-0.026192
0.006600
-0.002880
-0.017193
-0.003767
0.000454
-0.244671
-0.002617
-0.074982
0.103033
-0.024102
0.002667
-0.017356
0.004506
-0.005527
-0.255830
0.012354
0.017574
0.005827
-0.004822
0.072167
0.012093
-0.033158
0.002747
-0.063079
0.013039
-0.005276
0.099167
-0.136329
0.194188
0.001286
0.003709
0.000635
-0.041160
0.007063
-0.004121
0.000678
0.004274
0.042921
-0.001591
0.008912
-0.000005
0.002503
0.076747
-0.000431
-0.002764
-0.004228
0.007278
0.104316
-0.006500
0.004739
-0.103560
-0.071877
0.003765
0.005707
-0.000242
-0.124630
-0.000152
-0.007362
0.003777
-0.008637
-0.143572
0.001352
0.110703
-0.001661
0.070235
0.006694
-0.009165
0.000498
-0.042639
0.003454
-0.000401
-0.000879
-0.000678
0.030519
-0.005770
-0.045747
-0.000121
-0.004811
0.009456
0.188636
-0.083314
-0.063440
-0.050746
-0.036887
0.039429
0.005396
0.009001
0.002255
0.036860
0.004971
0.003640
-0.047397
0.001604
-0.011933
-0.004705
-0.017866
-0.004961
0.011862
0.036429
0.002372
0.001370
-0.086601
0.063279
0.002320
0.015471
0.003984
-0.002755
-0.001595
0.005385
-0.000801
-0.000125
-0.100691
-0.025400
0.180900
-0.007465
-0.003014
0.078856
-0.053729
0.007209
0.002660
-0.002239
0.080593
-0.012060
-0.207379
-0.040159
-0.165105
-0.052744
-0.044145
0.035740
0.000643
0.048180
0.006144
-0.006640
0.028081
0.004375
0.060047
-0.000833
-0.120489
-0.044925
-0.126341
0.004739
-0.006076
-0.142108
-0.046283
0.010107
-0.011177
0.148552
0.009103
-0.175941
0.000283
-0.060517
0.029291
-0.046784
-0.004141
-0.004604
0.096966
-0.008252
-0.005634
0.007980
-0.002645
0.142514
-0.002959
-0.002154
0.002743
-0.004985
0.001059
0.001325
-0.009334
-0.011883
0.003751
0.125493
-0.003363
-0.000243
0.006057
0.033221
0.000682
-0.007412
0.143766
0.044997
-0.169652
0.049290
-0.000928
-0.001914
0.003503
-0.071049
-0.016037
0.003228
0.021417
-0.028619
0.031140
-0.206742
-0.010774
-0.006695
0.010735
0.000678
-0.061637
-0.001855
-0.001389
0.000396
-0.109007
0.014052
0.002090
0.008053
-0.001275
-0.000953
0.035220
0.003058
0.043103
0.023189
-0.007992
0.004691
-0.012639
-0.002879
-0.002700
-0.275095
0.045392
0.001415
0.005371
-0.024039
0.134615
0.021380
0.214240
-0.004349
-0.004590
0.019253
-0.003522
0.019200
0.200034
-0.224461
0.005450
-0.002158
-0.003156
-0.022958
0.008225
0.003632
0.000643
0.001429
0.002492
-0.009807
0.006995
0.000554
0.004148
0.071358
0.008251
0.011182
-0.005029
0.003749
0.050617
-0.000510
0.005225
-0.113056
-0.069002
-0.004574
0.004642
0.003598
0.153977
-0.003538
-0.010170
0.000588
0.035029
-0.019911
0.000827
-0.018775
0.011135
0.229130
0.009383
0.004161
0.005310
0.132743
-0.000713
-0.013141
0.003119
0.005457
0.064387
-0.004997
0.085842
0.000075
0.002463
-0.045895
0.059148
0.088354
-0.013802
-0.010669
0.012025
0.024468
0.000563
0.004157
-0.000779
-0.014639
-0.000763
-0.000566
-0.017439
0.001476
0.015602
-0.005714
-0.006807
-0.009985
-0.037174
0.035905
0.001096
-0.003673
-0.004759
-0.147935
0.001053
0.000602
0.001886
0.088775
-0.000577
0.006462
-0.000795
-0.001319
0.123443
0.140408
-0.042290
0.001146
-0.004055
0.064215
-0.020320
0.010530
0.000364
-0.009254
0.152920
0.007342
-0.043916
0.105267
-0.179179
0.166971
-0.014705
-0.076432
0.007802
-0.015260
0.044725
-0.003267
0.048279
0.002697
-0.122512
0.001736
0.003653
-0.056734
0.085653
0.002668
-0.012454
0.027517
-0.030618
0.004797
-0.000982
-0.171169
0.005128
0.014427
-0.006927
-0.030106
0.089634
-0.011714
-0.011144
0.005663
0.135902
-0.002195
-0.011702
0.007757
-0.000567
-0.214098
-0.000733
0.005451
0.001830
0.004171
0.022560
0.004302
-0.001615
0.004710
0.005905
-0.008980
-0.019126
-0.000548
0.059554
0.023924
0.006000
-0.025899
0.039770
-0.116887
-0.132662
0.054616
0.008124
0.005405
-0.006619
-0.015453
-0.020382
0.000015
0.044371
0.022390
0.022379
-0.041933
-0.018671
-0.001562
0.145293
-0.002687
0.002179
0.003813
-0.007153
-0.006029
0.085820
-0.007650
0.004122
0.027026
0.005268
-0.002414
-0.103924
-0.016303
0.121992
0.142367
-0.050111
-0.005330
0.008547
-0.005839
0.001434
-0.040570
0.005038
-0.000872
-0.001919
0.042289
0.070129
0.016855
-0.030889
0.005689
-0.049055
-0.048456
0.005039
-0.123022
-0.034509
-0.001617
-0.006430
-0.001739
0.003689
0.009063
-0.003670
0.002011
-0.000580
-0.001548
-0.008862
0.002098
-0.003160
0.002799
-0.002335
-0.073017
-0.003599
0.000344
0.003185
0.007301
0.085101
0.000599
-0.000674
0.199249
0.105576
-0.005040
-0.003435
0.002131
-0.007414
0.002502
0.002508
0.001245
0.004570
0.056890
0.004190
0.008104
-0.000615
0.019356
-0.010157
-0.009601
0.000487
0.029217
-0.001186
0.014943
-0.004107
0.001769
-0.098377
0.002779
-0.134580
-0.004209
-0.001144
-0.127193
-0.024604
0.089400
-0.029807
-0.031975
-0.017596
-0.064025
0.002998
-0.003106
-0.000088
-0.138749
-0.004156
0.004931
0.084193
0.000888
-0.011101
-0.000108
-0.005146
0.004110
0.035053
-0.057252
-0.003053
0.000414
0.038463
-0.148209
-0.003362
-0.002200
0.001161
0.092966
-0.000123
-0.006631
0.001169
0.000747
-0.080970
-0.067914
-0.039796
-0.003595
0.002354
0.018833
0.095676
0.000579
0.008888
-0.000008
-0.052729
0.002428
-0.023827
-0.122992
0.008313
0.087145
-0.103018
-0.052620
-0.002928
-0.112415
0.025089
-0.010357
-0.071670
-0.003520
-0.205653
-0.003609
-0.056662
0.073427
0.160311
-0.001123
0.006040
-0.062564
0.149878
0.011777
-0.000499
0.071391
0.001109
0.140275
-0.000002
0.021175
-0.061023
0.041271
0.006082
-0.001001
-0.103460
0.000824
-0.033972
-0.003328
0.005752
0.187512
-0.007658
-0.000250
0.001757
-0.004746
-0.032198
-0.000756
0.003145
0.017904
-0.006009
0.000707
-0.002667
-0.001957
-0.115708
0.063278
0.031912
-0.053578
0.037396
0.027664
0.096595
-0.036067
0.000414
-0.002452
0.015862
-0.109481
-0.021106
0.003273
-0.011374
0.046251
-0.023012
-0.077841
-0.013351
-0.000624
0.050144
0.003468
0.091220
-0.004596
-0.003307
0.002024
0.185254
0.006311
0.004280
-0.053817
0.002515
0.003213
-0.059406
0.013857
-0.069113
-0.021920
0.006399
0.000943
0.009389
0.007844
0.002618
0.006175
-0.034385
-0.004969
-0.001614
-0.047055
0.093462
0.010098
0.085328
-0.001009
0.017506
0.087914
-0.000186
0.021140
0.027927
0.163035
0.002808
-0.001082
-0.001211
0.020054
-0.003764
-0.006717
-0.000680
-0.000983
-0.348842
-0.003863
-0.003084
-0.000272
-0.002659
-0.039477
0.001833
-0.001727
0.000314
-0.004567
0.031598
0.001214
-0.005751
0.028644
0.034236
-0.000612
-0.001301
-0.004586
0.089415
0.007772
0.004801
-0.001533
-0.035201
-0.004272
-0.003376
0.075901
-0.005816
0.029316
-0.014808
0.010037
-0.000686
0.025108
0.001176
-0.005555
0.001725
-0.004581
-0.024797
0.001651
-0.078620
0.000137
0.004699
0.035166
0.048690
-0.166178
0.089268
-0.024012
-0.016828
0.030477
0.004448
-0.003679
-0.002665
0.052354
-0.002423
0.001525
0.048103
-0.002336
0.006378
0.002776
-0.002279
0.000031
-0.037501
0.017088
0.005526
-0.003622
0.078916
-0.001530
-0.000373
-0.007673
-0.000699
0.015461
-0.000013
-0.003095
0.000553
-0.001089
-0.115596
-0.047228
-0.056741
0.002343
0.002966
-0.018172
0.026687
-0.010683
-0.014268
0.006514
-0.007419
-0.007997
-0.225692
-0.135509
0.022560
-0.068082
-0.056168
-0.154878
-0.005324
-0.012611
-0.042645
0.007295
-0.019559
0.003228
0.131245
0.001703
-0.029274
-0.020180
0.087113
0.000738
0.010780
0.033195
-0.018304
-0.003689
0.001536
0.157359
-0.008876
0.103415
0.008972
0.026325
-0.062031
0.014496
0.006290
-0.001722
0.001713
0.002799
0.022278
-0.003825
-0.004503
0.212552
0.006497
-0.004582
-0.005381
0.003402
0.018863
-0.003053
0.003801
0.026273
0.000348
0.257395
0.016428
0.004337
0.179153
-0.045554
-0.037110
0.050687
-0.054588
-0.076581
0.008208
-0.037298
-0.005042
-0.006635
-0.022225
-0.054280
-0.022728
-0.001886
0.076846
-0.016003
-0.024163
-0.010188
0.019113
-0.000226
0.024126
-0.000034
0.266685
-0.004033
0.006037
0.000318
-0.231325
-0.010616
-0.004598
0.016538
-0.010642
0.002120
0.042680
0.011685
0.042124
0.056838
0.018637
0.001335
0.008165
0.007353
0.002866
-0.116105
0.005680
0.004028
-0.000042
-0.002839
0.085120
-0.030179
0.121080
-0.000444
0.050015
-0.019770
-0.003096
-0.039336
0.020609
-0.025699
0.004939
-0.003138
-0.000926
0.006232
0.001883
0.000960
0.000161
0.006716
0.014768
0.000519
0.002213
-0.001248
0.002130
-0.167624
0.002885
0.001658
-0.001857
0.002244
0.189112
0.001965
-0.006262
0.145295
0.061320
-0.001084
-0.004917
-0.003637
0.138739
0.001633
-0.004876
0.004372
0.004036
-0.065779
0.002086
-0.201794
0.001882
0.020959
-0.004266
-0.008225
0.004885
0.049883
-0.001484
0.006426
-0.001713
0.000747
0.025684
0.001461
-0.017799
0.000803
0.006306
-0.154348
-0.023974
0.039670
0.000531
0.051297
-0.005419
-0.094960
-0.002906
-0.001629
0.002596
-0.050147
-0.002028
0.000116
-0.039777
-0.000747
0.022102
0.001052
-0.010752
-0.017684
-0.062949
-0.014460
-0.004595
0.000262
0.000694
-0.281295
0.000661
-0.001145
0.005665
-0.003337
-0.001826
0.003958
0.002182
-0.002849
-0.072653
-0.150287
-0.048648
0.008646
-0.004583
-0.101560
0.044432
0.001220
0.006549
0.000262
-0.002828
-0.002989
-0.034817
0.066303
0.046589
-0.179572
0.208750
0.148682
0.001328
-0.039242
-0.015263
0.008824
0.061948
-0.000340
0.031130
-0.003582
0.069836
-0.064277
0.165894
0.003676
-0.009090
0.074262
-0.077733
-0.009725
-0.002507
0.059067
-0.001452
0.025512
0.003282
0.000598
-0.063010
-0.031587
-0.002383
0.000214
0.159590
-0.002652
-0.012028
0.003191
0.002404
0.049396
0.001544
0.004375
0.000120
0.000009
-0.012929
-0.001386
-0.001704
0.017689
0.001078
0.121672
0.011198
0.000483
0.021426
0.087320
-0.012924
-0.029882
-0.149045
0.033674
-0.043817
0.016142
0.001950
0.004735
-0.028920
-0.203316
-0.031931
-0.003163
0.154249
0.029285
-0.013488
0.027155
-0.003609
-0.003019
0.013576
0.001092
-0.061117
0.006154
0.001317
0.000004
0.013539
0.011125
-0.005244
-0.054084
-0.008186
-0.001538
0.164612
0.022853
0.004214
-0.048966
0.075371
0.002825
-0.016204
-0.001195
-0.002201
0.094810
-0.015100
0.010356
0.003938
0.044641
0.020275
-0.005541
0.051922
-0.004336
-0.018868
-0.010429
-0.005711
0.084107
-0.042491
-0.146682
0.000839
0.002347
0.000445
-0.014054
0.000501
-0.005783
0.000300
-0.002518
-0.039751
0.003130
0.002845
0.001186
0.001400
-0.004853
0.000873
0.002008
-0.001319
0.003044
-0.022957
-0.001710
0.000246
-0.105666
0.162197
-0.000567
0.003880
-0.000673
0.055439
0.007155
-0.006631
0.008041
0.012755
-0.012929
-0.000769
0.099449
0.003744
0.035377
0.004221
-0.000687
0.001054
0.026726
0.004006
0.009471
0.002451
-0.005856
0.046126
-0.002457
0.046593
0.000528
-0.001494
-0.114380
-0.072275
0.161905
-0.039211
0.019748
0.016538
0.070065
0.006362
0.004644
-0.007392
0.052459
0.001653
-0.002905
0.013462
0.000472
-0.000415
0.000643
-0.009676
-0.003725
0.049409
0.108355
-0.000185
-0.002477
-0.010663
-0.146237
0.003426
0.011603
-0.001752
0.097878
-0.000566
0.003037
0.000013
-0.001474
0.192641
0.048934
-0.153521
-0.006342
-0.002102
-0.006397
-0.045457
0.002056
0.002670
-0.001444
-0.055671
-0.002967
-0.018858
-0.078198
0.058931
0.012233
-0.064247
0.244185
0.001532
0.063781
0.062753
-0.003550
0.049775
0.002587
-0.107789
-0.001288
-0.104060
-0.015180
0.086761
0.004092
-0.003278
-0.062924
-0.044188
-0.006810
-0.004903
0.095904
0.004805
-0.122830
-0.007460
-0.072503
0.092735
-0.042742
-0.006308
0.001986
0.020916
-0.006411
-0.015366
0.006298
0.001808
0.141839
0.001794
-0.005037
0.001970
-0.000007
-0.013566
-0.000278
-0.004278
-0.027086
-0.002233
-0.172676
0.002223
0.001628
0.148065
0.104044
-0.002778
-0.006913
0.103487
-0.045822
0.266899
0.017717
-0.001521
0.004866
-0.008247
-0.013829
0.001267
-0.002106
0.150753
-0.016122
0.026678
0.104048
-0.008142
-0.004068
0.118088
-0.000298
0.106619
0.001073
-0.000014
-0.000892
0.069460
0.013490
0.000989
-0.012939
0.001815
-0.000165
0.130559
-0.002917
-0.031258
0.099572
0.024841
-0.000351
-0.001911
-0.002253
-0.001267
-0.052084
0.021240
0.000735
-0.000851
-0.023253
-0.001271
-0.021686
-0.174642
0.002083
0.003662
-0.012185
0.001399
-0.101973
0.040620
0.080306
-0.001446
0.000652
0.001117
0.008168
0.000285
0.001873
-0.000503
0.001676
-0.060662
0.006138
0.001062
-0.000180
0.000735
-0.094122
0.000790
0.000974
-0.001345
-0.001244
0.037384
-0.000334
0.003021
-0.069346
0.001126
0.001514
0.000566
0.001712
0.012081
0.001329
-0.003624
-0.001400
0.010926
-0.063610
0.000186
-0.013861
-0.000245
-0.254590
0.004391
-0.015488
-0.000353
0.023260
-0.000526
-0.000049
0.000800
-0.003446
0.032088
0.002733
0.008672
0.000665
-0.003366
0.092671
-0.169242
0.094638
0.007877
0.052076
0.004608
-0.050709
-0.006859
-0.002221
0.011474
-0.003311
0.001441
0.001530
0.137741
-0.000560
-0.006505
0.000737
0.007940
-0.006886
-0.010301
-0.011186
-0.002794
0.000367
0.039056
0.091838
-0.000739
0.006631
0.002642
0.076030
0.001445
0.001803
0.000407
-0.002267
0.091489
0.036763
-0.104810
0.004980
-0.003163
-0.020590
0.006610
0.003101
-0.000210
-0.003178
0.326652
0.001286
0.012433
0.073698
0.056832
-0.103647
0.119380
-0.229488
-0.000167
0.029382
-0.031379
-0.002392
0.007436
-0.000762
0.069513
-0.000311
0.018181
-0.015119
-0.118557
0.004592
-0.003656
0.081377
-0.043928
0.006742
-0.004450
-0.009069
0.000648
-0.177140
-0.001720
-0.001095
-0.385054
0.005584
0.001686
0.001876
-0.092274
-0.001974
-0.017714
-0.000172
0.002500
-0.201371
0.000152
0.003157
-0.000307
-0.003685
-0.029332
-0.001030
-0.002779
-0.013261
0.001636
-0.171396
-0.005226
-0.000604
-0.080338
-0.040610
-0.003652
-0.029758
-0.198763
0.056299
0.194457
0.028306
0.000016
-0.001677
-0.009645
0.019331
0.045907
0.000472
-0.017803
-0.012409
0.009826
0.138261
0.001768
-0.000223
0.054001
0.000324
0.006947
0.002530
0.000945
-0.000548
0.039531
-0.003163
-0.000417
0.018471
-0.004714
-0.001216
0.003249
0.012011
0.015467
0.143828
0.002803
-0.001596
-0.009488
0.003682
0.000674
0.030697
0.000402
0.004072
-0.001319
0.034558
-0.084113
-0.001954
-0.284720
-0.001766
0.035939
-0.109467
0.002230
0.157814
-0.062248
-0.171714
0.002774
0.001967
0.000845
0.007395
0.001190
-0.003332
0.001150
-0.002158
0.061312
0.003974
-0.002443
0.000927
0.000266
0.053627
-0.002869
-0.000393
0.001765
-0.000689
-0.005333
0.000572
0.001252
-0.050941
-0.115533
0.003972
-0.000121
-0.003197
0.138634
-0.002313
0.002600
-0.002417
-0.009536
-0.197725
0.001012
0.135709
-0.003515
0.060272
0.005060
0.001362
-0.000457
-0.062748
-0.001490
0.007000
0.001318
-0.001484
0.049018
0.001290
0.085309
0.000158
-0.002162
0.045942
-0.093031
-0.052518
-0.015243
0.076830
-0.014445
-0.003573
0.002653
-0.002499
0.009037
0.077924
0.001239
-0.004565
-0.037308
0.002073
-0.000570
-0.000166
0.006024
-0.006622
-0.013507
0.064666
-0.000065
-0.003750
-0.053269
-0.012840
0.000457
0.009037
0.000121
-0.074766
0.001208
-0.000502
0.000228
0.001217
-0.057271
0.055094
0.109541
-0.001273
-0.001163
-0.019431
0.002411
0.000132
-0.005867
0.001084
-0.171958
-0.001476
0.049449
-0.136536
-0.007697
-0.011769
0.001891
0.210803
0.000017
0.066180
-0.052341
0.002541
0.021960
-0.000442
-0.009591
-0.001078
-0.088705
-0.006678
-0.007518
-0.001328
-0.002314
-0.062633
-0.041487
-0.006338
-0.000587
0.000186
0.003621
-0.019064
0.000362
-0.028630
0.134004
0.028014
0.002288
-0.002160
-0.002597
0.003868
-0.006043
-0.001265
0.000151
0.254529
0.004645
-0.002467
-0.003176
-0.003900
-0.026865
-0.007569
-0.000431
-0.038167
-0.001245
0.030747
0.001371
0.000379
0.082346
0.095993
-0.018102
0.016584
-0.102038
0.003098
-0.063971
-0.018049
-0.003723
-0.002335
-0.007894
-0.050057
0.033220
0.000860
0.121091
-0.045827
0.015808
0.035308
0.003667
-0.001825
0.029663
0.002207
-0.053542
0.001151
-0.001757
0.000663
0.005145
0.010482
0.000742
0.011922
-0.001677
-0.000365
-0.005456
-0.011634
0.092743
-0.023560
0.014320
-0.000387
0.011321
0.002366
0.001883
0.077548
-0.009563
0.002810
-0.002516
0.048296
0.178105
-0.000235
0.027622
-0.008259
0.038795
-0.024242
0.000508
0.026848
-0.189735
-0.002155
0.001467
-0.000410
-0.001418
0.016248
0.001898
0.003266
0.000460
-0.004071
-0.297864
-0.006457
-0.003056
0.004259
0.001285
-0.043873
-0.000830
-0.001629
0.000862
-0.001350
0.071597
0.001473
-0.009592
-0.081234
-0.226795
-0.001383
-0.002848
-0.003023
-0.094137
-0.011205
0.001176
-0.000380
-0.001669
-0.297813
0.001700
-0.061222
0.006663
0.112167
0.004880
-0.012623
0.006417
-0.006440
-0.004683
0.006580
0.002775
0.003742
-0.013957
-0.000974
0.055756
-0.005249
0.003368
-0.030294
0.106627
0.032650
-0.048383
-0.029131
0.001162
-0.037319
-0.003718
-0.007672
0.004438
-0.050461
0.000214
0.006431
-0.004294
-0.001858
0.007378
-0.000501
-0.003030
-0.002529
0.038838
-0.153296
-0.006805
0.000143
-0.043678
0.135958
-0.000267
0.002881
0.002701
0.175350
-0.002946
0.002149
-0.001123
0.002851
-0.230604
-0.023442
-0.011523
0.000288
-0.000064
0.022808
0.025162
-0.002320
0.001280
0.002027
0.106342
0.001872
-0.059039
-0.012109
0.114501
0.026083
0.045061
0.074029
0.001686
0.030504
-0.005805
-0.009758
-0.020122
-0.000218
-0.143346
-0.000195
0.040297
0.055794
-0.068337
-0.002627
-0.005066
-0.254810
0.036501
-0.008193
0.011115
-0.057379
0.004059
-0.138080
0.001935
-0.025887
0.053876
0.040710
0.001653
-0.000185
0.056171
0.003172
-0.024438
-0.001050
-0.004123
-0.000974
0.001841
-0.004349
0.003660
-0.005348
-0.032602
0.001071
-0.002867
-0.000814
-0.001481
-0.232400
-0.010112
-0.001646
-0.094791
-0.030976
-0.012632
0.003712
0.091617
-0.009960
0.054443
-0.007245
0.004940
0.000919
-0.010572
0.161245
0.037147
-0.002206
0.111488
0.022050
0.019472
-0.012189
-0.001559
-0.003861
-0.159292
0.005576
-0.208257
0.001591
0.000319
-0.003757
0.047189
-0.000569
0.002877
-0.032151
