-0.004757
0.010238
0.008862
-0.000434
-0.002117
0.011508
0.001779
0.011875
-0.000883
-0.005248
0.000513
-0.000875
0.008516
-0.000649
0.003841
0.000436
-0.001209
0.002684
0.003491
-0.005668
0.001868
0.003594
-0.007159
0.005384
-0.010355
0.011757
0.006947
-0.008298
0.004105
-0.004884
-0.002870
0.003302
0.005504
0.004213
-0.001872
0.012694
0.003324
0.005361
-0.002102
0.000158
-0.008634
0.002387
-0.002154
0.003786
-0.002973
-0.002123
-0.002415
-0.003707
0.014766
0.002250
-0.000787
-0.002891
0.000771
-0.001765
0.000598
0.002154
-0.002189
0.001647
-0.000993
-0.000886
-0.000444
0.000698
-0.000514
-0.000579
-0.000570
-0.001424
-0.001571
-0.001572
0.001161
0.000369
-0.001288
-0.000522
-0.000775
-0.000863
-0.000071
0.000720
0.000411
0.001660
0.001382
-0.000618
0.000477
-0.000983
-0.000246
-0.001402
-0.000240
0.000019
-0.000519
-0.001522
0.001383
0.000046
0.000480
-0.001109
-0.000298
-0.000055
-0.000487
-0.000210
0.001215
-0.000947
-0.000540
-0.000661
-0.225997
0.116180
-0.075647
-0.377799
0.060640
-0.105957
0.092764
-0.099360
-0.072239
-0.168951
0.142062
0.149767
0.074511
-0.063560
0.069491
0.077642
-0.030508
-0.140435
-0.191515
0.058222
0.004949
-0.295503
0.100563
-0.053266
0.078879
0.028841
0.222340
-0.042799
0.048792
-0.181595
0.051741
-0.045386
0.002957
-0.109186
-0.065830
-0.110051
0.041256
-0.152425
0.063096
-0.070765
-0.119105
0.091094
-0.010524
-0.078107
0.046579
-0.262176
-0.011650
-0.018256
-0.137150
0.006482
-0.001460
-0.018184
-0.010043
-0.004140
-0.003174
-0.016522
0.006817
-0.015753
-0.008023
-0.003588
0.000509
0.005154
-0.011638
-0.008589
-0.015273
0.008474
-0.004893
0.005635
-0.006106
0.006448
0.002754
-0.006732
-0.000724
-0.006346
0.008444
-0.001582
-0.002057
-0.001676
-0.000172
0.007068
-0.006436
0.006701
-0.018022
0.002067
0.013969
-0.007028
-0.007997
-0.007479
0.004762
0.011774
0.014118
0.001486
0.003322
0.022069
-0.004285
0.000993
-0.005319
-0.001365
-0.012886
0.005002
0.050880
-0.065673
-0.012454
-0.052494
-0.003167
-0.033879
0.050963
-0.051151
-0.001409
-0.024046
0.023196
-0.028495
0.038412
0.023092
0.117028
0.068616
0.000271
-0.112043
0.014225
0.026902
0.010462
0.049424
0.002016
0.082368
0.014548
0.053591
0.060012
0.092182
0.001361
-0.120296
-0.012117
0.077105
0.000312
0.014035
-0.006592
0.075187
-0.027321
0.076815
0.000242
-0.077679
0.054965
0.084076
-0.014565
-0.022783
0.027828
0.024952
-0.000040
0.027215
0.078560
-0.065631
-0.037164
0.008555
-0.116631
0.191322
-0.268535
0.014816
0.043147
-0.008433
0.013229
-0.081906
0.108294
0.036823
0.123780
0.038684
0.209126
-0.015509
0.367605
0.017703
-0.149007
0.255605
-0.038993
0.022005
-0.027249
0.048264
-0.109969
0.001431
0.078291
-0.077836
-0.081960
-0.082876
-0.013388
-0.288424
-0.002476
-0.069327
0.158176
0.209513
0.137451
0.056857
-0.066614
-0.116450
-0.024686
0.011148
-0.028338
-0.125190
0.077585
-0.131428
0.038765
-0.162481
-0.244354
-0.197162
-0.020371
0.013617
-0.009405
-0.032681
-0.022724
-0.005676
0.016529
-0.019706
0.043573
0.009003
-0.003712
0.007565
0.010946
0.046285
-0.023979
0.022759
-0.035517
0.007754
0.017802
0.013429
-0.000401
0.006328
0.010467
0.007747
0.041743
0.026784
-0.026096
-0.075644
-0.034851
0.032246
-0.031994
-0.005211
0.009066
0.038207
-0.012260
-0.007570
-0.003614
-0.005885
0.003368
0.018438
0.059363
0.046764
-0.014549
0.036861
0.045927
-0.009131
0.017537
0.003525
-0.018072
0.025873
0.000709
-0.001327
-0.000022
0.000097
0.000975
-0.000944
-0.000325
-0.001502
-0.000221
0.001554
0.000452
-0.000572
-0.001912
0.000465
-0.000089
0.000315
-0.000191
-0.000654
-0.001044
0.000318
-0.000243
-0.000607
0.002205
-0.000591
0.000908
-0.001220
-0.000870
-0.000561
-0.000382
0.001732
0.000639
-0.001175
0.000410
-0.000804
-0.000543
-0.000960
-0.000489
-0.001707
0.000725
0.000893
0.000487
-0.000883
-0.001713
0.000057
0.000656
-0.001121
-0.000250
0.000452
-0.001991
-0.000024
0.002346
-0.008372
-0.007316
0.004711
-0.000317
0.003936
-0.011055
-0.002310
0.003548
-0.000676
-0.007770
0.006881
0.001449
-0.000118
-0.006535
-0.004585
0.005749
-0.004030
-0.003721
0.003686
-0.002370
0.000149
0.008202
-0.007135
-0.001486
-0.004350
-0.004091
0.009788
0.004624
-0.001307
0.007051
-0.000843
-0.001932
-0.009008
-0.002898
-0.010566
-0.001918
-0.003288
-0.001981
-0.007046
0.005706
-0.001369
0.011438
-0.017783
-0.003325
0.004383
0.009163
-0.000982
0.004635
-0.007365
-0.001315
-0.003214
-0.005803
0.007062
-0.001588
-0.006537
0.000909
-0.007506
-0.001392
0.002827
0.000840
0.004270
-0.000330
-0.000431
-0.001444
0.000134
0.000713
0.000564
-0.003401
0.000267
-0.001274
0.001400
0.005180
-0.002465
0.000439
-0.001204
-0.006067
-0.000169
0.000788
0.001917
-0.004260
-0.000506
-0.006731
-0.002949
0.003028
-0.002141
-0.001021
0.000131
-0.004096
-0.002694
0.001077
-0.001447
0.005087
-0.000287
-0.000325
0.002219
0.001316
0.001511
-0.004156
0.001197
0.000178
-0.001686
-0.001406
0.000596
-0.000854
-0.001152
-0.000180
-0.001204
0.000329
-0.000825
-0.002399
0.002085
0.001230
-0.002098
-0.002212
0.000606
0.000105
-0.000198
-0.000117
0.000851
-0.000946
0.000309
0.001091
-0.000396
-0.000045
-0.000592
-0.000440
0.000270
0.000320
-0.000050
0.000294
0.001187
-0.001463
0.000334
-0.000166
-0.000856
-0.000170
0.000104
-0.000735
-0.000154
0.001459
0.000189
0.002628
-0.000155
-0.001003
0.000090
0.001754
-0.000193
0.000880
-0.000280
-0.091238
0.101316
0.155186
-0.177189
-0.049979
0.048870
-0.127928
-0.057204
0.008123
-0.007030
-0.010160
-0.038855
0.068400
0.032902
-0.094559
-0.184257
0.081309
-0.058238
-0.286871
-0.208182
-0.038734
0.090535
0.180791
-0.128019
0.085041
-0.066297
0.006600
0.017822
0.077733
0.159728
-0.056451
0.112406
0.008691
-0.016013
-0.211774
-0.015259
-0.025965
0.041574
0.129692
-0.105672
-0.144772
0.119583
0.199759
-0.051370
-0.026097
0.189731
0.000035
-0.048586
-0.029734
0.022992
-0.012925
0.004391
0.014325
-0.010826
0.004744
0.016338
-0.002497
0.006685
-0.004151
-0.000844
0.006018
0.002062
-0.005216
-0.002861
0.009366
0.003716
0.013102
0.000919
0.002802
-0.001470
-0.011652
-0.007638
0.005798
-0.001461
0.012651
0.002576
0.003605
0.013160
-0.001325
-0.011038
0.009710
-0.005219
0.007310
-0.003035
-0.015293
0.011441
0.003648
-0.003177
0.008272
0.011004
-0.013166
-0.000326
-0.012787
0.016542
-0.001576
-0.009621
0.000596
0.002345
0.001181
-0.004365
0.002625
0.004382
0.003286
-0.005524
0.004575
-0.001709
-0.001278
0.002180
-0.007631
0.003286
0.007819
-0.000137
-0.002246
0.006177
0.006791
-0.002446
-0.002778
-0.001007
0.002512
-0.002284
-0.003349
-0.005967
-0.003478
-0.004992
-0.000835
0.003906
-0.001330
-0.003882
0.000502
0.000503
0.002027
-0.004152
-0.003064
-0.000526
0.000818
0.000098
-0.000761
-0.003906
0.004173
0.001181
-0.000117
-0.001984
-0.002679
0.003004
0.004975
-0.002921
-0.008709
-0.000268
-0.009403
-0.000997
0.002696
-0.001787
0.001844
-0.002279
-0.000495
-0.000674
-0.001468
0.000184
-0.002184
0.002306
0.003083
-0.001836
-0.002185
0.002228
0.001295
-0.000421
0.000183
-0.000339
-0.001149
0.001820
-0.000020
-0.002549
-0.000693
-0.001405
0.003863
0.001724
0.000288
0.000030
0.001122
0.001643
-0.000784
-0.000315
0.000815
-0.003606
0.001766
0.000721
-0.000190
-0.002475
0.001038
0.002930
0.000375
-0.001202
-0.001696
-0.000374
0.002714
-0.001774
-0.002276
-0.000790
-0.001935
0.002202
-0.053674
-0.039782
-0.012872
0.029938
0.005716
-0.031093
0.078966
-0.095520
-0.014550
-0.025741
0.019691
0.001539
0.029788
0.017547
0.006951
-0.026184
-0.034108
-0.041905
0.041658
0.029250
-0.023794
0.010990
-0.009219
0.019214
0.056902
0.062584
-0.060228
0.026194
0.007710
-0.039048
-0.087245
0.057713
-0.050967
0.004681
0.034363
0.038745
-0.005279
0.003145
-0.023674
0.029308
0.036555
0.050981
0.048181
0.055661
0.037691
0.038145
0.010627
0.008950
-0.021845
0.000917
0.101467
-0.022457
0.026352
0.116302
-0.158838
-0.037350
0.038331
-0.119846
-0.098109
-0.026144
-0.021965
0.206069
0.075608
-0.026909
-0.016451
-0.017959
0.084353
0.009129
-0.002725
-0.134331
-0.012065
-0.064848
0.118808
0.038745
-0.076255
-0.027191
-0.116705
-0.031038
0.009992
0.014360
-0.078580
-0.071893
-0.044978
-0.121020
-0.088196
0.060925
-0.023122
-0.118184
-0.068995
-0.065380
0.128380
-0.027693
-0.101286
0.049733
0.001914
-0.000824
-0.119620
0.015518
0.125392
-0.090638
-0.003594
0.033027
-0.017977
-0.030215
-0.018220
0.050184
-0.046684
0.042790
0.024066
-0.011121
-0.042707
0.001581
0.021897
0.024826
-0.024925
-0.036235
0.021312
-0.024117
0.009336
0.028609
0.000661
0.012038
-0.014466
0.039280
-0.040512
-0.006771
0.045007
-0.045161
0.003407
-0.009791
0.017851
0.009041
0.043526
-0.000698
-0.037795
-0.007214
-0.019664
0.009388
-0.002316
0.000066
0.020757
-0.015233
-0.040694
-0.029312
0.013931
0.015115
0.041176
0.025856
-0.009555
0.013645
0.007855
-0.154216
-0.145735
-0.051960
-0.119885
-0.185412
-0.290475
-0.098027
-0.088845
0.224217
0.219550
-0.123575
-0.064554
0.025412
0.086178
-0.035957
-0.144650
-0.172743
0.121605
0.151133
0.356604
0.056494
-0.225189
-0.183043
-0.102745
-0.042968
0.044430
-0.187297
-0.231599
-0.132369
-0.252149
0.081399
0.004893
-0.017750
-0.218581
0.043118
0.262847
-0.087158
0.011458
0.068045
0.006177
0.229084
-0.050039
0.014363
-0.106666
0.070206
0.015339
0.122641
0.020930
-0.057904
-0.000198
0.006256
0.004012
-0.003159
0.001184
0.005081
-0.001081
0.008614
0.000738
-0.000962
0.000323
-0.001494
0.000163
0.000109
0.002813
0.000125
-0.001401
0.003063
0.002583
-0.004065
0.001424
0.000643
-0.004446
0.000454
-0.003945
0.003150
0.004070
-0.003731
-0.000269
-0.001256
0.003152
-0.001711
0.000702
0.002128
-0.000237
0.001393
-0.000479
0.002775
0.002603
-0.000180
-0.003219
-0.001039
-0.000281
-0.000256
-0.002302
-0.001597
-0.002251
-0.000559
0.003213
0.000162
-0.036168
-0.082516
-0.081090
0.061651
0.012049
0.006803
-0.032396
-0.111819
0.026330
0.016443
-0.033733
0.062691
0.015799
-0.028111
-0.056656
-0.016775
0.019492
-0.048275
-0.001104
0.054112
-0.053481
-0.041151
0.096187
-0.062568
0.013311
-0.027478
-0.088181
0.055758
0.021474
-0.027446
0.009434
-0.026776
-0.067632
-0.012696
-0.047599
-0.033955
-0.007628
-0.099568
-0.004843
-0.002085
0.011121
0.012641
0.017039
0.003987
-0.001753
0.031914
0.064230
-0.017508
-0.060091
0.012390
0.048040
0.155666
0.050204
0.036708
-0.025268
-0.111015
0.047845
-0.040385
0.049920
-0.017017
-0.056836
-0.120470
0.025716
0.071583
0.147287
-0.052769
-0.048716
0.040717
-0.099998
-0.056969
-0.070416
-0.088328
-0.020247
0.022365
0.004159
-0.181905
0.012633
-0.073225
-0.127041
0.028996
0.090351
0.106211
0.125267
0.126385
-0.051566
0.006081
0.348253
-0.035912
-0.037533
-0.077508
-0.031392
0.019627
0.022313
0.006895
-0.036430
-0.126203
-0.052904
0.030104
-0.054579
0.064734
-0.001367
0.001102
0.000817
0.000519
-0.000963
0.004133
0.002061
0.000710
0.004302
-0.002688
-0.002091
0.000506
0.003373
-0.003359
-0.002477
0.000536
0.001221
0.000801
0.000688
-0.000606
0.000919
0.001814
-0.000440
0.001620
-0.002188
0.001831
0.001631
-0.004114
0.001427
-0.002740
-0.000218
0.001514
0.000675
0.001578
-0.000648
0.001972
-0.000288
0.002178
-0.001559
-0.000764
0.000101
0.001883
0.001713
0.000356
-0.001471
0.000689
0.001716
-0.001428
0.006108
0.001563
0.097189
-0.068694
0.019852
0.007668
0.022502
0.115689
0.041057
-0.054393
-0.327401
0.015335
0.046876
0.069743
-0.125350
0.103284
0.041828
-0.068062
-0.007441
-0.023256
0.042396
0.184895
0.026948
0.007894
-0.068923
0.033679
-0.091697
0.092434
0.069061
-0.023196
0.109159
-0.230592
0.002955
-0.039420
0.156101
0.060308
-0.075878
-0.056735
0.032625
-0.089376
0.013280
0.015648
0.097128
-0.049241
-0.060044
0.181593
-0.104475
0.026592
-0.144281
0.218478
-0.110734
0.039034
0.019547
-0.190832
-0.053212
0.045242
0.011368
0.034739
-0.075111
-0.000599
-0.100672
0.129827
-0.004898
0.172123
-0.214857
-0.161401
0.020208
-0.246290
-0.081702
0.010091
-0.108420
-0.218919
-0.040108
0.062425
-0.130955
-0.113309
0.043021
-0.029050
0.049561
0.182967
0.011168
0.114911
-0.129176
0.008128
-0.102215
0.011298
-0.039946
-0.005962
-0.009556
0.016219
-0.002025
-0.120788
-0.148586
0.018028
-0.187042
-0.074857
0.078920
-0.184990
-0.107683
0.019030
0.079053
0.040445
-0.052765
-0.181807
-0.063998
0.116046
0.040895
0.091337
-0.022908
-0.052978
0.046319
0.091531
-0.035848
0.020633
-0.044838
0.020213
-0.106877
-0.134104
-0.060692
0.261379
-0.108638
0.031652
-0.136686
-0.148779
0.096304
0.010074
-0.041361
-0.154214
-0.164778
0.042112
-0.332429
-0.225983
-0.140599
0.054331
0.036357
-0.100535
-0.059227
-0.036605
-0.010198
0.180267
-0.079912
0.012795
-0.235239
-0.236108
0.127308
0.044112
-0.021605
0.013701
0.115260
-0.036516
0.066152
-0.137407
-0.000030
-0.002481
-0.003025
0.005151
0.000955
-0.005312
0.000296
-0.006748
0.002948
0.002430
-0.002178
0.002181
-0.001114
-0.004652
-0.001828
0.001648
0.000876
-0.001072
-0.002770
-0.000334
-0.002470
0.000829
0.009256
-0.000048
-0.001195
-0.004268
-0.007667
-0.000503
-0.002588
0.002159
0.001326
-0.002861
-0.001840
-0.000816
-0.002733
-0.003320
0.002388
-0.001182
-0.001529
-0.001693
-0.000695
-0.001969
-0.000951
-0.001064
-0.000599
0.000447
0.001600
0.001451
-0.005486
-0.000235
-0.001998
0.001493
0.001070
-0.000770
0.000903
-0.000620
0.002362
0.000052
-0.000801
0.000358
0.002039
-0.000078
-0.000596
0.001302
0.002243
-0.000450
-0.001795
0.000510
0.001239
-0.001054
0.000441
0.000669
-0.002070
0.000843
0.001026
0.000387
0.000001
0.000317
-0.000867
-0.001801
-0.001778
0.000795
-0.000488
0.000328
0.002093
0.001294
-0.000476
0.000984
0.000762
-0.000231
0.000266
0.000582
-0.000277
0.002727
0.000239
0.001215
-0.001656
0.000290
-0.001812
-0.000563
0.000470
0.002033
0.001186
-0.002460
-0.000142
0.002267
-0.000573
0.003672
-0.000381
-0.001119
0.000802
-0.000491
0.000110
0.000958
0.001922
-0.000875
-0.000515
0.000072
0.001847
-0.001321
0.000394
-0.000804
-0.003570
-0.000544
-0.001057
0.001130
0.001780
0.001093
-0.000093
-0.001173
0.000463
-0.000075
-0.000487
0.000932
-0.000206
0.000679
-0.000170
0.001045
0.001379
-0.000610
-0.000503
0.000217
0.000053
0.000461
-0.000450
0.000538
-0.001316
-0.000817
0.000602
-0.000459
-0.018109
-0.010789
-0.016805
0.017586
0.001924
0.007949
0.007393
-0.017219
0.010400
-0.013464
-0.023982
0.009320
0.015633
-0.019147
-0.025234
0.000858
-0.004372
-0.009529
0.005125
-0.001011
-0.004310
0.013610
0.014427
0.010558
-0.011798
-0.011890
-0.001059
-0.001405
0.002761
-0.016722
0.001451
0.008117
-0.009816
0.019022
-0.008120
-0.005201
-0.002381
0.009029
-0.003726
-0.016718
0.009542
0.008054
0.013971
0.004526
-0.015901
0.007474
0.023464
0.001623
0.007381
-0.002915
0.005471
-0.000215
0.000175
-0.000523
-0.002876
-0.000749
-0.001174
0.000145
0.000093
0.004192
0.005990
0.002718
-0.001687
0.003469
0.002443
0.000464
0.004102
0.000369
-0.003540
0.002618
0.001565
-0.004334
0.002678
-0.003382
0.003496
0.002073
-0.000389
-0.002374
0.001733
0.004376
-0.001500
-0.001536
0.001509
-0.005801
0.000591
0.000161
-0.000463
-0.005867
-0.001339
0.002054
0.001403
0.000006
-0.002946
-0.000857
0.004099
-0.001341
-0.002033
-0.000923
-0.000354
0.002717
0.000609
0.002008
0.004717
-0.004289
0.002825
0.006501
-0.003746
0.005814
0.002025
-0.002043
-0.000356
0.000974
0.001994
-0.002701
-0.000025
-0.000878
-0.000651
-0.001384
0.004959
-0.000835
-0.002797
-0.000469
0.001879
-0.000258
-0.001748
0.002122
0.000132
0.000242
0.000091
-0.002322
0.005279
-0.002062
0.003820
-0.000089
-0.005718
0.001254
0.001839
-0.002065
0.002518
0.001741
-0.001487
0.000695
-0.003485
0.000577
-0.000115
-0.003004
0.000279
-0.001633
0.001918
-0.002165
-0.000337
0.000160
-0.000326
0.000393
0.000205
-0.000785
0.000461
-0.000730
0.000852
0.000215
0.000163
0.000239
-0.000076
-0.000611
-0.000200
0.000246
-0.000037
0.000192
0.000012
-0.000459
-0.000290
0.000360
0.001120
0.000269
-0.000113
-0.000574
-0.000794
0.000052
-0.000669
-0.000451
0.000132
-0.000232
-0.000079
0.000107
-0.000306
-0.000358
0.000389
0.000134
0.000138
0.000084
0.000315
0.000185
-0.000390
0.000323
-0.000120
0.000050
0.000014
0.000384
-0.001024
-0.000228
0.005838
-0.000509
0.001687
-0.007911
-0.000598
0.002856
-0.006611
0.007273
-0.003535
0.000371
0.002560
0.002023
-0.003024
0.000317
0.000651
-0.000602
0.001537
0.000793
0.001008
0.002425
-0.000530
-0.003829
-0.004363
-0.005960
0.000322
-0.000005
0.004245
-0.001165
0.000964
0.001683
0.005968
-0.004219
0.000925
-0.003846
-0.001105
-0.002902
-0.000187
-0.002256
0.003202
0.002819
0.000040
-0.003787
-0.001369
-0.002037
0.000579
-0.003700
-0.001344
-0.003157
-0.001692
0.000677
0.084961
-0.215598
-0.075399
-0.109593
0.057133
0.208898
0.040276
-0.054398
0.095325
0.149199
-0.040197
0.187837
0.054663
0.245496
-0.171396
0.015754
0.104672
-0.105111
0.210802
-0.051273
-0.012958
-0.168367
-0.054022
-0.059108
-0.031317
-0.078299
-0.147519
0.089469
0.102926
0.073688
-0.274209
0.017844
0.067284
0.004646
-0.081622
0.083975
0.133126
-0.120311
0.122572
0.071071
0.115943
-0.080025
0.142039
0.089622
0.226648
0.030483
0.051527
-0.020676
-0.025849
0.057291
-0.001630
0.001898
-0.003205
-0.000130
0.001026
-0.001671
0.001019
-0.002132
-0.000476
-0.000206
0.001391
-0.000886
-0.001446
0.002675
0.000506
-0.000810
0.000013
0.000462
-0.000399
0.000149
0.002146
0.000474
-0.003031
-0.001606
-0.000202
-0.001760
0.000972
0.003044
-0.000914
-0.000027
-0.000720
0.001039
-0.002496
0.002186
0.002602
-0.000719
-0.002691
0.002557
0.000750
-0.002911
0.000054
0.001019
0.003704
0.001170
0.000873
0.000898
-0.000819
-0.000547
-0.003205
0.000493
0.000459
0.003451
0.001164
-0.000303
0.000074
-0.001186
-0.001052
0.002758
-0.003269
0.003013
0.004577
-0.001855
-0.001755
0.004079
0.004691
-0.000198
-0.000224
0.000555
-0.000534
-0.001150
0.000067
-0.001196
-0.001314
-0.000642
0.000812
0.001263
-0.000172
0.002444
-0.001004
0.003164
-0.001090
-0.002723
0.000678
-0.000628
-0.000984
0.001051
-0.000039
-0.001677
0.000519
0.000643
-0.002467
-0.000715
-0.004005
0.000283
0.002181
-0.001179
-0.002061
0.001151
-0.003456
0.000655
0.000981
-0.004392
-0.000664
0.000149
-0.001559
0.001504
-0.000270
-0.004618
-0.001958
-0.001799
0.002427
0.000025
0.000999
0.003048
-0.001074
-0.002837
0.001170
-0.003742
-0.000058
0.003221
-0.000036
-0.001923
-0.002231
-0.001175
0.003892
0.002016
-0.000169
0.001871
0.003179
-0.000185
-0.003608
0.002215
-0.000276
-0.002939
0.000987
0.000336
0.000214
-0.001181
-0.002242
0.000415
0.003012
0.001111
0.001307
-0.000363
0.002776
0.000689
0.000757
-0.000678
0.001430
0.001605
-0.000539
0.000974
0.000347
0.000347
0.000891
-0.001138
0.000178
0.000332
0.000377
0.000961
0.001078
0.000103
-0.000513
-0.000413
0.000764
0.000631
-0.000514
-0.000212
0.000396
-0.000775
-0.000746
0.000168
0.001939
0.000140
-0.000566
-0.000738
-0.001657
-0.000412
-0.001488
0.000554
0.000794
-0.001186
0.000345
0.000597
-0.001458
-0.000064
0.000392
-0.001244
0.000732
0.000497
-0.000270
0.000074
-0.002055
0.000958
0.000233
-0.000816
-0.000552
0.000492
-0.002072
-0.000782
0.034282
0.047819
-0.033890
-0.012751
0.019123
-0.027806
-0.001018
-0.019413
-0.023128
0.037960
-0.050995
0.152198
-0.084029
-0.009320
0.019828
0.096919
0.091988
0.182223
0.040870
0.001762
0.154381
-0.171643
0.066659
-0.093898
-0.059726
0.056819
-0.073874
-0.008896
0.088052
0.178717
0.112655
-0.074083
0.037913
-0.005027
-0.012758
-0.079903
-0.011147
-0.118033
0.031466
0.132424
-0.033813
-0.079621
-0.068372
-0.049547
-0.068168
0.069182
-0.107354
0.034629
0.018565
-0.075060
0.003582
-0.001512
0.000913
-0.000811
-0.000041
0.000436
-0.003570
-0.001122
0.000715
-0.000193
-0.000550
-0.000532
-0.001285
-0.000947
-0.002435
0.001345
0.002355
-0.000769
-0.002307
0.000302
-0.001291
-0.000378
0.005309
-0.000117
-0.001123
-0.001939
-0.001227
-0.003788
-0.000622
0.002084
0.003970
-0.002004
0.002932
-0.001678
-0.003023
-0.001606
0.000760
-0.001161
-0.000157
0.000953
0.001121
-0.001464
-0.003898
-0.001633
0.000067
-0.003407
-0.000489
0.000302
-0.000697
0.000271
-0.002137
-0.002837
0.003509
-0.001578
0.001958
0.003801
-0.000987
0.001947
0.000653
-0.002354
0.000546
-0.003447
0.001103
-0.003867
-0.002629
0.000944
0.000238
-0.001135
0.002271
0.001594
-0.001527
0.001088
0.002664
0.001735
-0.000959
0.000919
0.000452
-0.000999
0.000063
-0.000833
0.002736
-0.001797
0.003520
0.000962
-0.004236
0.002552
0.001826
-0.001854
0.001924
0.003608
-0.001276
0.001645
-0.005705
0.002340
-0.000139
-0.003802
0.001071
-0.001709
-0.000168
0.001020
-0.001097
-0.001498
-0.000365
-0.000232
0.000275
0.000381
0.000845
-0.000657
0.000286
-0.001633
-0.001754
0.000365
0.000819
-0.001296
-0.001153
-0.000519
-0.000404
-0.000197
0.001136
0.000931
-0.000107
0.000386
-0.001346
0.000041
0.000290
0.000030
0.000595
0.001524
0.000701
-0.001815
-0.000365
0.001323
-0.000844
0.000494
0.001099
0.000061
-0.000291
0.000955
-0.000136
-0.000342
0.000777
0.000898
0.002537
0.000099
-0.000682
0.001232
0.001083
-0.000403
0.000913
-0.000339
-0.001171
0.003415
0.002971
-0.000428
0.002033
0.002019
0.000063
0.001099
-0.001706
-0.001073
0.002049
-0.003016
0.000818
0.002828
0.004799
-0.002045
-0.001454
-0.002807
0.003338
-0.003734
-0.000428
-0.000608
-0.001572
0.000606
-0.001305
0.003944
0.000068
-0.001251
-0.000095
-0.000462
-0.000708
-0.002907
-0.000190
0.002868
-0.003163
0.002294
0.000552
0.000729
0.000543
-0.000959
-0.001960
-0.000689
-0.001984
-0.000073
0.001208
-0.001052
-0.002792
0.001595
-0.000642
0.000453
-0.098769
0.018896
0.046585
-0.126985
-0.096059
0.007682
-0.013122
-0.066609
0.098702
0.024601
-0.178464
-0.021490
-0.015337
0.219580
0.044078
-0.050892
-0.117944
-0.162089
-0.000173
0.147765
0.030700
0.015623
0.010580
-0.041786
-0.089029
-0.061733
0.021605
0.144583
-0.116680
0.064959
-0.136887
-0.048234
0.009389
-0.121379
0.016070
0.104891
-0.094436
0.000574
0.086258
0.051499
0.025355
-0.000608
-0.060480
0.106273
0.017061
-0.051364
-0.038513
-0.022645
-0.051418
-0.076890
-0.002015
-0.001295
-0.000565
0.001752
0.000439
0.001643
0.000109
-0.001357
0.002622
-0.001761
-0.003992
0.000836
0.002025
-0.005027
-0.003768
0.001104
-0.000348
-0.001228
0.000762
0.000056
-0.001700
0.001324
0.003304
0.001153
-0.001905
-0.000590
-0.001422
-0.001962
-0.000483
-0.001377
0.002088
0.000485
-0.000371
0.002607
-0.003075
-0.000155
0.001384
0.000607
-0.000269
0.000222
-0.000555
-0.000010
0.000979
0.000341
-0.001604
-0.000905
0.002678
-0.000312
0.000409
0.000351
-0.000512
0.006451
0.004747
-0.003124
-0.001623
0.003766
0.001978
0.007565
0.000465
-0.000691
0.003035
-0.005307
-0.000334
0.001358
0.002051
0.001984
0.000602
0.003501
0.001164
-0.001819
0.003344
0.001099
-0.006991
0.003155
-0.001720
0.002725
0.006070
-0.004832
-0.001106
0.000670
-0.000881
0.000615
0.004906
0.003065
0.000226
0.005147
0.000395
0.001905
0.000683
0.002784
-0.004575
0.000949
-0.006253
0.002273
0.000023
-0.002640
-0.002164
-0.001093
0.004532
0.003644
0.011820
-0.018366
0.036123
0.083936
0.000317
-0.038373
-0.021724
-0.032962
-0.031245
-0.047480
0.056803
-0.222475
-0.019690
0.022343
0.019702
0.096673
-0.015846
-0.028458
0.065417
-0.149056
0.287317
0.036049
-0.027357
0.146142
0.076311
-0.174484
-0.037322
0.177884
-0.051143
0.033792
-0.098821
0.032294
-0.141629
-0.027026
0.109785
-0.155948
-0.048463
0.214141
0.143816
0.056260
-0.071520
0.090178
0.151654
-0.070822
0.035548
-0.123461
0.056132
0.002742
-0.053003
-0.186780
0.049718
-0.127772
-0.062549
-0.193403
-0.132285
-0.134750
-0.210797
-0.155698
-0.209282
0.089637
-0.152662
-0.214539
-0.175918
0.085424
0.073769
-0.056516
-0.057056
-0.022798
-0.034319
-0.089691
-0.078397
-0.102396
0.116878
0.153605
0.041557
-0.029201
-0.181550
-0.014285
-0.007477
0.194125
-0.188879
-0.082333
0.110023
0.025335
0.158717
-0.152597
0.294834
-0.061592
0.128801
-0.094809
0.163284
0.065763
0.216061
0.079109
0.067520
0.062288
-0.058204
-0.189932
-0.071409
0.092462
-0.002998
0.001043
0.000361
-0.000110
-0.000137
-0.001134
0.003226
0.000111
0.003594
0.001000
-0.000744
0.001707
-0.000534
-0.003317
-0.001469
0.002294
-0.001120
0.000791
-0.001334
0.000492
0.000158
0.001988
-0.000499
0.000855
0.000183
-0.001227
-0.000399
-0.002402
-0.002422
-0.000113
-0.000219
0.001376
0.000043
0.000112
0.000773
0.000189
0.000986
0.001551
-0.000175
0.001295
-0.000673
-0.001314
0.000659
0.002400
-0.001193
0.000697
0.001305
-0.001128
-0.001345
0.000553
-0.003487
-0.000405
0.001970
0.002015
0.002042
-0.000388
0.001983
-0.001463
0.002031
0.000655
0.000327
-0.002811
-0.000972
-0.000867
0.000158
0.000256
-0.001232
0.000694
0.000339
-0.001492
-0.000478
0.001976
0.002149
0.002693
0.001202
0.000075
-0.002269
0.001097
-0.001714
-0.001211
-0.001140
-0.000852
0.001592
-0.000304
0.000386
0.002215
0.000958
0.000605
0.000754
0.001180
-0.001507
0.000153
-0.002974
0.001642
0.000141
0.000426
-0.000440
0.000684
-0.002069
0.000206
0.000292
0.000725
0.002163
-0.000149
-0.000613
0.002243
-0.000715
0.001583
0.001390
-0.000391
0.000830
-0.001721
0.000196
0.001097
0.001222
-0.000318
0.001681
0.000027
0.000228
-0.000090
0.000288
-0.000584
0.000357
0.000656
0.000175
0.002615
-0.000327
-0.000589
0.000871
0.000394
-0.000092
-0.000129
0.002936
-0.000956
-0.000999
0.001643
0.000134
-0.000367
-0.000259
0.001499
-0.001650
-0.000034
-0.001890
-0.001553
0.001077
-0.000969
-0.000816
-0.000819
0.002976
0.001381
-0.137040
-0.069161
0.075719
-0.024978
-0.007048
-0.153871
-0.085986
-0.065018
-0.006251
-0.017646
-0.055057
-0.026115
-0.087083
-0.105570
-0.042860
0.104958
-0.078305
-0.149318
0.067901
-0.050726
-0.073506
-0.098661
-0.090017
0.104043
-0.112548
0.047747
-0.044066
0.040792
-0.018573
0.033895
0.048521
-0.028386
0.071420
-0.013059
-0.073957
-0.028962
-0.146367
0.058007
0.037632
0.008177
-0.104516
-0.013062
-0.184431
-0.075555
-0.100002
-0.207318
-0.001239
-0.122138
0.066748
-0.002840
0.007074
-0.010105
0.003318
-0.009318
0.000296
0.009036
-0.009358
-0.000715
0.004021
-0.006647
0.003291
-0.010950
-0.004443
-0.000014
-0.009797
-0.003582
0.000907
-0.005870
0.001476
-0.003548
0.001112
-0.002443
-0.001102
-0.001065
0.004854
0.000305
0.006650
-0.009123
0.003998
-0.003829
0.004708
-0.001707
-0.000434
-0.004578
0.001916
-0.003784
-0.006298
0.005993
0.004566
-0.001843
0.011026
-0.003925
0.000673
-0.000929
-0.000729
-0.004357
-0.003707
-0.002312
0.000662
0.007950
-0.002741
-0.002153
-0.000264
0.001995
0.000590
-0.000934
0.002801
-0.002666
0.002216
-0.002322
-0.003725
0.001543
0.000944
-0.004103
-0.002569
0.000467
-0.000398
0.001560
0.000614
-0.000171
0.000021
0.002544
0.000600
0.001213
0.000890
0.000292
-0.001273
0.001753
0.000194
-0.003259
-0.001200
0.002788
-0.001260
-0.000553
0.003342
0.000682
-0.000143
0.002644
-0.001202
-0.000202
0.001212
0.001129
0.004840
0.000909
-0.002534
0.002514
0.002490
-0.000318
0.002703
-0.000797
0.003463
-0.002480
-0.000541
-0.003065
0.002939
-0.003224
-0.002010
-0.001206
-0.003778
0.001436
0.000302
-0.001794
-0.003947
0.003220
0.001449
-0.001358
-0.002799
-0.001816
0.001381
-0.000419
-0.001294
-0.003269
-0.001234
-0.001627
0.003238
-0.002113
0.000117
0.002456
-0.001216
0.001579
0.001437
-0.000655
-0.002025
0.000528
0.001722
-0.003178
-0.001892
-0.000785
0.004449
0.000349
0.003553
-0.002051
0.000712
-0.001118
0.001699
-0.001289
-0.003013
0.002218
-0.005782
-0.002039
0.053185
0.000952
0.008029
-0.005622
0.008933
-0.026459
0.022672
0.003577
-0.009900
0.007442
0.023390
-0.014428
0.015489
-0.000862
0.007949
0.053647
0.020278
0.025204
-0.024745
0.015584
0.021086
-0.012094
0.023476
0.010835
-0.027624
0.020560
0.020435
-0.057507
0.009782
0.056638
-0.002935
-0.014584
0.005921
0.014271
-0.014343
0.001080
-0.004261
0.012886
-0.027916
-0.000155
-0.005662
0.036296
-0.003140
0.030590
0.012323
-0.012591
-0.036660
0.001581
0.009948
0.011742
0.028682
-0.129835
-0.313656
-0.053770
0.033987
0.013601
-0.322804
0.015291
0.178620
0.118744
0.195197
0.210414
-0.110865
-0.172377
0.099368
-0.016639
-0.003899
-0.146095
0.278641
0.010708
-0.011943
-0.260695
0.058368
-0.048379
-0.104450
-0.021739
-0.159522
0.030321
0.082272
0.044999
0.021730
-0.015050
-0.208725
-0.205567
0.113459
-0.169810
0.032986
0.060656
-0.096645
-0.097766
0.024077
0.018180
-0.070968
0.096924
0.164090
-0.035347
-0.010333
0.009104
0.210969
0.283748
0.002047
0.001005
-0.000180
-0.001329
-0.001187
0.000102
-0.000026
0.000484
-0.000265
0.000171
0.001293
0.000905
0.000213
0.000774
0.000129
-0.000193
0.001220
-0.000206
0.000319
0.000147
0.000812
-0.001403
-0.000565
-0.001225
-0.000050
0.000019
0.000787
-0.001045
-0.000173
0.000544
0.000404
0.000273
-0.000508
0.000422
-0.000927
-0.000910
-0.000874
-0.001019
-0.000221
0.000149
0.001666
0.000406
-0.000162
-0.000642
0.001001
-0.000365
-0.000385
-0.000173
0.000907
-0.000061
0.020492
-0.063801
0.078021
0.027048
0.066835
-0.060098
0.102297
-0.123799
0.036718
-0.001581
0.008784
0.007761
-0.035970
0.025546
0.054431
-0.047629
-0.058306
-0.003307
-0.010087
0.131205
-0.003011
-0.218503
-0.127631
0.046589
-0.107598
0.166105
0.219526
-0.142086
0.181458
-0.000389
-0.031849
-0.107393
0.042572
-0.007237
0.000309
0.091246
-0.094303
-0.042442
-0.015129
0.053788
-0.098330
-0.150228
0.031704
0.052749
-0.187481
0.146504
-0.096894
0.019036
-0.096201
0.173942
0.004958
-0.002374
0.001450
-0.002469
-0.000908
-0.000376
-0.001090
-0.001380
-0.003416
0.001228
0.003141
-0.000858
0.000471
0.001748
0.000592
-0.000525
0.001633
-0.002239
0.000921
0.002688
-0.000370
-0.002739
0.001680
-0.001671
0.002882
0.000366
-0.000552
0.002188
0.001407
0.001406
-0.000475
-0.000045
0.001691
-0.002692
-0.001790
0.000659
-0.000846
-0.003468
-0.000142
0.001333
0.002310
0.002452
-0.003108
0.000141
0.003860
-0.001936
-0.001560
-0.001024
0.000977
-0.000613
0.059336
0.189944
0.105318
-0.189132
0.033224
-0.194408
0.070488
0.188888
0.012180
-0.008665
0.199061
-0.173974
0.096184
0.061317
0.225537
-0.020407
0.021202
0.033480
0.031533
0.044744
-0.147385
0.076202
0.104575
0.063853
0.090178
0.033155
0.090797
-0.279164
0.102990
0.075161
-0.178864
-0.236260
-0.010006
0.059790
-0.082499
-0.117438
0.066112
-0.033384
0.121629
-0.036027
-0.001679
-0.078538
-0.122870
-0.028156
0.120453
0.179088
-0.086139
0.083873
-0.072140
-0.108290
0.000344
-0.000479
0.000080
-0.001474
-0.001649
0.000919
0.000866
-0.004330
0.000709
0.001525
0.006604
-0.000434
0.001030
0.002101
0.000040
-0.002614
0.001159
-0.003687
0.001012
0.006034
-0.001155
-0.002261
-0.002115
-0.001882
0.005312
0.001011
-0.002508
0.002292
0.000820
0.001216
-0.003576
-0.000460
0.003439
-0.003042
-0.001113
0.002154
0.000715
-0.004534
-0.002436
0.003041
-0.000922
0.002018
-0.005137
0.003117
0.007890
-0.000523
-0.000369
-0.000722
-0.003340
0.002935
0.004297
-0.012183
-0.000115
0.002366
-0.002123
-0.009646
0.000973
-0.013340
0.000048
-0.001663
-0.005183
-0.002440
-0.003042
-0.005646
-0.000559
0.001248
0.001533
0.003596
-0.005940
0.007246
0.000601
0.003097
-0.001430
-0.001543
0.012689
-0.000028
-0.003945
0.013419
0.001753
-0.003692
-0.004130
0.002235
-0.002845
-0.010224
0.010978
0.000840
0.005609
0.001690
-0.006129
0.005738
-0.003778
-0.002803
0.004923
-0.002160
-0.000449
0.002839
-0.002018
-0.000817
0.000917
0.004051
-0.001196
0.000611
-0.000909
0.003531
0.001233
-0.002405
0.000686
-0.003725
0.000435
0.000964
0.000795
0.001076
0.001667
0.000029
0.000923
0.000216
-0.000008
-0.001598
0.000483
-0.001414
-0.001577
0.000630
0.006221
0.000853
-0.001467
0.000685
-0.004959
-0.001049
-0.000309
0.000452
-0.000537
-0.000439
-0.000368
0.000459
-0.002672
-0.000043
0.001193
-0.000670
-0.001331
-0.000654
0.000172
0.000796
-0.000277
0.000533
0.000673
-0.001056
-0.000585
0.001654
-0.001415
-0.000713
0.087692
-0.015821
-0.054821
-0.044024
-0.113578
0.028347
-0.018309
-0.002057
0.045559
-0.142603
-0.073382
0.075016
0.012073
-0.065098
-0.112521
-0.111435
-0.043142
-0.082674
0.105394
-0.028286
-0.026286
-0.056239
0.018582
-0.029149
-0.026233
-0.083898
0.114570
0.014317
-0.063312
0.015556
-0.010676
0.057875
0.028893
-0.026470
-0.167618
-0.098773
-0.030610
0.013422
-0.099462
0.025380
0.088175
-0.048465
-0.166192
0.006061
-0.123820
-0.111130
-0.076716
0.035058
0.117649
-0.028574
0.002425
-0.000095
0.001265
-0.004463
-0.000724
0.001032
-0.001335
0.002830
-0.001840
0.000774
0.001404
-0.002237
-0.003213
0.003066
0.001130
-0.000468
-0.000711
0.000632
-0.001012
-0.000222
0.001797
-0.002675
-0.004207
-0.001929
0.002000
0.000058
0.004066
0.000324
0.000085
0.000578
0.001055
0.000076
0.000190
-0.000755
0.002441
-0.000732
-0.001893
-0.000360
0.003276
0.001975
0.001285
-0.001414
-0.000877
-0.000018
0.000922
-0.001081
-0.002140
-0.000764
-0.001143
-0.000001
-0.008196
-0.005134
-0.007836
0.005308
-0.001129
-0.008461
0.010081
-0.006976
-0.001001
-0.000629
0.001217
-0.000294
-0.001540
0.005660
-0.000978
0.000753
-0.001035
0.001820
0.002900
0.002213
0.000442
-0.002991
-0.002913
0.000409
0.014430
0.000584
-0.002725
-0.004696
-0.003087
-0.002204
-0.007646
0.012332
-0.008002
0.004650
0.007182
-0.002979
-0.000879
-0.001082
0.003279
0.009034
0.008291
-0.000215
0.013790
0.005342
0.001311
0.000926
0.000938
0.000573
-0.004452
-0.000907
-0.000667
-0.002475
0.000129
-0.000710
-0.000143
-0.000682
-0.000343
-0.003556
0.001006
-0.000946
-0.001863
0.001754
-0.000311
-0.000794
-0.003304
0.000257
-0.000314
-0.002168
-0.000470
0.001080
-0.000868
-0.000358
0.002534
0.000487
-0.001020
-0.002249
-0.001315
-0.001889
-0.000346
-0.000266
0.001290
0.000543
0.001322
-0.000691
-0.000992
-0.001069
0.000569
-0.000726
-0.000386
0.000189
0.002389
-0.000149
-0.002186
0.000917
-0.000135
-0.000178
0.000515
0.000019
-0.000891
-0.001107
0.001267
0.005739
0.001142
0.000832
-0.000929
-0.000140
-0.002831
0.004446
0.004747
0.005859
0.002368
0.002043
0.002670
0.002837
0.002883
0.001506
0.003355
-0.000106
-0.002941
0.000456
0.001213
-0.001741
0.005173
-0.001393
-0.002063
0.002149
-0.001031
0.002369
-0.000189
0.002450
0.000833
-0.001017
0.003173
-0.003812
-0.006184
-0.000383
0.002207
-0.006258
-0.002138
-0.000288
-0.004817
0.000251
-0.002071
-0.006552
0.002111
-0.000743
-0.000104
-0.000545
0.000516
-0.002338
-0.008976
0.016417
-0.014556
0.012373
0.015795
-0.040538
0.002491
-0.021664
0.005494
0.045357
0.000622
0.010436
-0.019315
-0.000329
-0.014887
0.049060
0.005347
0.018517
-0.031512
0.005426
-0.008001
-0.027925
0.050484
-0.000860
-0.030473
-0.056504
-0.014726
-0.036894
-0.032646
0.033228
0.042894
-0.025847
0.005662
0.026879
-0.021894
-0.017372
-0.013494
-0.035650
0.014792
-0.008160
-0.014473
-0.015310
-0.046771
0.034324
0.009228
-0.031755
-0.025304
0.019658
-0.077503
0.000699
0.002226
-0.000826
-0.001792
-0.001308
-0.002818
0.004983
-0.001749
0.001142
-0.001365
-0.002417
0.001515
-0.001179
0.001127
0.000348
-0.002301
-0.001311
0.001970
-0.001863
0.000770
0.001374
0.001538
-0.002384
-0.004279
-0.001783
-0.000310
0.002320
0.004156
-0.002496
0.004329
-0.000261
-0.001399
0.000521
-0.001622
0.000292
0.000155
-0.000096
-0.002458
0.000691
-0.001183
-0.001481
0.001511
0.001354
0.002578
-0.000909
0.000919
-0.000355
0.001684
-0.002596
0.003213
0.003877
0.042877
0.164990
0.046188
0.001542
0.026483
-0.003462
0.098434
-0.008406
0.049844
0.070487
0.058621
-0.067524
0.047429
-0.044916
0.031301
0.105246
0.066675
0.005814
-0.085919
0.069640
0.037872
-0.024745
0.116102
-0.027737
-0.008708
0.026840
0.078605
-0.085170
-0.016264
-0.013690
0.057897
0.060102
0.058628
0.137124
-0.032477
0.187016
0.120480
-0.084430
-0.017853
0.016985
-0.088360
0.040284
-0.053237
0.104433
0.052352
-0.157254
-0.066176
-0.032190
-0.029374
0.036395
0.001149
0.001170
-0.000190
-0.000648
-0.001132
-0.000912
-0.000481
0.002169
0.000160
0.001105
0.000647
-0.000041
-0.001189
0.000845
0.000733
0.001115
0.000651
0.001291
-0.000843
-0.000267
-0.000086
-0.000536
-0.000928
-0.000583
0.000420
0.000061
0.000551
-0.000238
-0.001006
0.000751
0.000236
0.000362
0.000003
-0.000473
0.000658
0.000283
-0.000490
0.000306
0.000528
0.000474
-0.000517
-0.001046
-0.000092
0.000066
-0.000360
-0.000521
-0.000998
-0.000505
-0.000631
0.000585
0.001378
-0.004470
-0.002420
0.002050
-0.000506
-0.002945
-0.001852
-0.005099
0.001379
0.000778
-0.001813
0.002134
0.000107
-0.001148
-0.002960
0.000136
0.001218
-0.001592
-0.002407
0.001286
-0.001993
-0.000072
0.006508
-0.001163
0.001496
-0.001499
-0.003809
0.001119
0.000625
0.001602
0.000964
0.000766
-0.001109
-0.002553
-0.001284
-0.002874
0.000529
-0.001938
-0.001129
0.000646
0.002846
-0.000826
0.002040
-0.002755
0.000360
-0.001400
0.001944
0.000372
-0.001102
-0.000481
0.125017
0.041735
0.015706
-0.176164
-0.074699
-0.112800
-0.014182
-0.052896
-0.135046
0.121842
0.158865
-0.113568
0.024420
0.046173
0.114578
-0.001652
0.102455
0.263800
-0.045143
-0.123889
-0.054640
-0.244124
-0.258276
-0.016555
-0.205055
-0.117628
-0.023535
0.008235
0.144785
-0.200240
0.213503
-0.018393
0.116530
0.051734
0.026648
0.134699
0.135624
0.031964
-0.166043
-0.071254
0.332079
-0.056904
-0.120965
0.087659
-0.040580
0.056185
0.156666
-0.061590
0.006814
-0.092281
-0.090539
0.187648
0.063860
-0.051286
0.047509
-0.024865
0.190498
-0.022890
-0.131997
-0.003730
-0.258587
-0.015779
-0.127304
-0.102089
-0.044466
-0.102290
-0.078319
-0.219024
0.076204
-0.057583
0.091887
-0.189040
0.098584
0.183105
-0.019284
-0.307544
-0.245923
-0.268410
0.134617
-0.019869
-0.056149
-0.153205
-0.013997
-0.207137
0.054126
0.106853
0.024851
0.163632
0.018555
-0.081830
-0.066553
-0.263479
0.001354
-0.004268
0.105957
0.054540
-0.016112
0.076350
0.070719
-0.094869
0.170618
-0.067531
-0.086074
-0.124452
-0.232152
-0.102663
-0.121007
-0.119897
-0.071110
0.006280
0.106086
0.058881
-0.128801
-0.074020
0.077720
0.000462
-0.162214
-0.079894
-0.286205
0.255271
0.061237
0.109317
0.044890
0.041500
-0.031676
0.098627
-0.200826
-0.094575
-0.126461
-0.038377
-0.031619
0.063359
-0.038327
0.139456
0.024888
-0.060055
0.142246
0.018701
0.134590
-0.142844
0.123745
0.125328
0.040123
-0.232452
0.114188
-0.014394
-0.035884
0.060782
-0.059628
-0.046660
0.096846
0.008783
-0.008042
-0.042632
-0.024297
0.006741
-0.038498
0.055213
-0.028952
-0.011177
-0.019169
0.002565
-0.019687
-0.050484
-0.029036
0.037252
0.034103
0.079431
-0.035270
-0.012561
0.039368
0.042500
-0.022351
0.002017
-0.011197
-0.054886
0.081193
0.016751
0.008008
0.010988
0.025543
-0.001510
-0.000395
-0.031279
0.028228
-0.029819
-0.011270
0.072071
-0.009182
-0.034915
-0.006366
-0.004026
-0.012179
-0.000921
-0.051046
-0.000946
-0.014856
-0.018987
0.064643
0.019061
-0.006217
0.029395
-0.092445
-0.009514
-0.024751
-0.020084
0.049339
-0.032511
0.004051
-0.031896
-0.010953
-0.016990
-0.026313
-0.024422
-0.026559
0.050875
0.006419
0.027304
-0.002469
-0.034874
0.030784
-0.000766
-0.020692
0.011696
-0.020943
-0.055529
0.014005
-0.054667
-0.023342
0.022146
0.014116
-0.011036
-0.082256
0.107391
-0.008645
-0.061162
-0.074588
-0.007097
0.017141
-0.046078
0.050034
0.056032
-0.002825
0.083415
-0.018323
0.011671
0.025810
0.021601
-0.026573
0.025633
-0.016153
-0.008473
-0.008186
-0.017016
-0.005108
-0.001971
-0.000500
-0.018079
-0.014603
-0.007960
-0.011834
0.018856
-0.004142
-0.012017
-0.012917
-0.005462
-0.014959
-0.013700
0.023128
0.009656
-0.003372
-0.009696
-0.002777
-0.013139
0.038794
0.001911
-0.007663
0.024682
-0.003888
-0.007806
0.003097
0.010879
-0.012724
0.013109
0.010314
-0.001840
-0.000014
-0.015830
0.010868
0.012821
0.016234
-0.000656
0.010433
0.015590
0.014066
-0.000304
0.007521
-0.008430
-0.007636
0.000497
-0.016608
-0.034742
0.029633
-0.002501
-0.056173
-0.032850
0.030391
-0.046374
-0.033414
0.008926
0.064466
0.006925
-0.021234
0.049321
0.019369
-0.009919
0.007101
0.010778
-0.015642
0.030442
0.017003
0.000063
-0.037331
0.011199
0.046112
0.072754
-0.022465
0.047255
0.027001
-0.002484
-0.104436
0.061970
0.033225
-0.090038
0.067814
0.076722
0.031522
-0.006857
-0.041646
0.078373
-0.024266
-0.013376
-0.024503
0.048092
0.025968
0.022076
-0.064834
-0.020416
0.003674
0.024178
-0.002657
-0.001201
0.002040
0.000841
0.000791
-0.003345
0.003353
-0.003063
-0.001834
0.001413
-0.000025
-0.000285
-0.000213
0.001443
0.004206
-0.000862
-0.003274
0.001145
0.001124
-0.000980
0.000561
0.001904
-0.001579
0.001846
0.003502
0.001909
-0.000572
0.004295
0.000067
-0.001160
-0.004881
0.000167
-0.003346
-0.001968
0.002818
0.003001
0.000552
0.000418
-0.000524
-0.000117
-0.000777
0.000490
0.001199
0.002204
-0.000735
0.002720
-0.002338
0.001361
-0.001738
0.000315
0.002666
0.002179
0.001239
-0.001284
0.000450
-0.004497
-0.002221
0.001918
-0.003628
0.002628
0.004467
-0.003329
-0.003905
0.006071
0.007230
-0.000756
-0.000213
0.002218
-0.001204
-0.000158
0.000012
-0.002651
-0.004286
-0.002414
0.002727
0.002423
-0.000246
0.001622
0.000102
0.003938
-0.001176
-0.002428
-0.000304
-0.002840
0.003627
0.000452
0.001127
-0.000132
0.000077
0.002183
-0.004282
-0.002474
-0.001167
-0.001335
0.002838
-0.000821
-0.005299
0.001272
-0.003356
0.001727
0.001569
0.007274
-0.000134
-0.002139
-0.001020
0.007798
0.001767
0.003414
0.000619
0.000709
0.004939
0.002177
0.002810
0.001406
0.000793
0.001009
0.002781
0.000079
-0.005478
-0.002582
0.000861
0.001027
-0.002848
-0.000124
-0.008634
-0.000428
0.006010
-0.008012
-0.000650
-0.002603
0.002281
0.002179
0.000812
0.002435
-0.003071
0.001715
-0.005239
0.003030
0.000289
-0.005870
-0.003060
0.004414
-0.004444
0.002816
0.000266
-0.000967
0.001106
-0.001275
0.002886
-0.001337
0.025909
0.014111
-0.058013
0.027627
-0.054254
-0.117722
0.101822
-0.050742
-0.005632
0.058558
0.071394
-0.021812
-0.087693
-0.011502
-0.008630
0.071210
0.008452
0.070124
-0.106682
0.014061
0.069267
0.033007
-0.057381
0.024666
0.052007
-0.088891
0.001435
0.006361
-0.057113
0.045235
-0.081507
0.037040
-0.007644
-0.045144
0.126520
-0.022558
-0.015313
0.027738
-0.029186
-0.003857
0.014337
0.008690
-0.010976
0.062845
-0.005155
0.057940
-0.014678
0.019022
-0.076073
0.018405
0.000549
0.001983
-0.000527
-0.000273
-0.000819
0.000254
-0.000038
0.000473
-0.000474
0.001351
0.002176
-0.000559
-0.000746
0.002356
0.001659
-0.000593
0.000466
-0.000063
-0.000732
0.000000
0.000702
-0.000813
-0.002088
-0.000710
-0.000189
-0.000675
0.000293
0.000170
-0.000258
0.000827
-0.001143
-0.000737
0.000325
-0.000240
0.000759
-0.000037
-0.000445
0.000247
-0.000471
-0.001342
-0.001015
-0.000358
-0.001245
-0.000135
0.001614
0.001063
-0.000944
0.000291
-0.001140
0.000376
0.000663
-0.000628
0.000971
-0.000823
0.002703
-0.000406
-0.000112
0.001896
-0.001540
0.002035
-0.004384
0.000243
0.000800
-0.004382
-0.002068
0.001222
-0.002382
0.000260
-0.003676
0.001009
0.000925
0.000838
0.001433
-0.000446
-0.003314
-0.004512
0.001193
-0.000170
-0.002219
0.001677
0.004900
-0.001515
0.000730
0.001735
-0.000339
-0.003524
0.000930
-0.000151
0.001910
-0.002122
0.000517
-0.001078
0.000230
-0.002635
-0.001374
0.001313
0.001760
-0.000378
0.000856
-0.005305
-0.005381
0.069708
0.016013
-0.099130
0.104916
0.019776
-0.130605
-0.171202
0.060911
-0.122929
-0.023053
0.338592
0.042630
-0.183588
-0.118359
0.005952
-0.001124
-0.025723
-0.036100
-0.008262
-0.007459
0.018164
-0.122077
0.077758
-0.079080
-0.005555
-0.078985
0.275040
0.023623
0.156268
0.056129
-0.113562
-0.119027
0.134397
0.162617
0.090497
-0.054648
-0.032287
0.241179
0.090406
-0.173597
-0.051869
-0.115533
-0.244853
-0.180278
-0.120222
-0.009073
-0.143137
-0.032292
0.097453
-0.001098
0.000350
0.000821
0.000200
0.000925
0.001339
0.000547
-0.000218
0.001224
-0.000329
0.000790
-0.001181
0.000101
-0.000444
-0.000289
-0.000598
-0.000378
-0.000065
0.001486
-0.001138
-0.000164
0.000325
0.000810
0.000614
0.000398
0.000936
-0.000309
-0.000221
-0.000003
-0.001446
-0.000021
-0.000414
0.000200
0.000429
-0.000623
0.000672
-0.000058
-0.000022
0.000699
0.000636
-0.000167
0.000483
-0.001099
0.000669
0.000327
-0.000587
-0.000323
0.000424
-0.001112
0.000690
0.006511
-0.003372
-0.011877
0.009814
0.000322
-0.017027
0.003769
-0.009676
0.001917
0.008295
-0.011505
0.008178
-0.002940
-0.014410
-0.006100
0.014955
0.006109
0.007235
-0.007800
-0.000333
-0.000866
0.000198
0.026192
0.000374
-0.003441
-0.015821
-0.012695
-0.005169
-0.009516
0.009308
0.009421
-0.004704
-0.006876
0.005989
-0.008419
-0.012194
-0.000931
-0.010322
-0.000181
-0.001559
0.005110
-0.001662
-0.000493
-0.001685
-0.004514
-0.002819
0.003030
0.005340
-0.007407
-0.004920
0.002408
-0.000392
-0.001797
-0.002920
-0.000589
-0.000872
-0.001428
0.001912
-0.001258
-0.000239
-0.003851
0.000733
-0.000716
-0.000190
-0.001416
0.001119
-0.000572
0.001086
-0.000749
0.000593
0.000080
-0.001257
-0.003063
-0.001287
-0.001017
-0.003147
0.003375
0.000538
-0.000384
0.000256
0.002753
0.000513
-0.001438
0.002079
0.001597
-0.002509
-0.001530
0.000664
0.001934
-0.001281
0.001285
-0.001097
0.002006
-0.001117
-0.001326
0.000537
0.000476
-0.000608
0.000457
-0.001666
-0.005112
0.003568
0.001392
-0.006651
-0.001656
0.013421
-0.003611
0.007587
0.007393
-0.010559
-0.005959
-0.003216
0.005077
-0.005814
-0.008386
-0.002780
0.001304
-0.004036
0.006469
0.003140
-0.002951
0.002274
-0.008833
0.001245
-0.008075
-0.003287
0.008274
-0.000893
0.001997
-0.007527
0.006169
0.000598
0.008062
0.007007
-0.007189
0.001644
0.001084
0.003823
0.000212
-0.002743
-0.003636
0.004637
-0.004269
0.001841
-0.003701
-0.001163
0.009655
-0.004962
0.005811
0.002767
-0.003609
-0.004078
0.001349
0.001550
0.000250
0.000698
-0.000469
-0.001360
-0.003114
-0.005257
-0.000843
-0.003946
-0.000378
0.008064
0.005783
-0.006448
-0.000148
0.001618
0.000528
0.003031
-0.000946
0.002716
-0.008839
-0.000061
0.006516
0.003592
0.000901
0.013955
0.003618
-0.004478
-0.006396
0.003917
0.002888
-0.005953
0.009894
0.004051
0.001378
0.003846
-0.002378
0.001200
-0.001404
0.001757
0.005478
-0.002954
0.000540
0.005512
0.000466
0.001557
0.004828
-0.003037
-0.047329
-0.047428
0.034860
-0.043552
0.003405
0.010097
0.010118
-0.042323
-0.043577
-0.059835
0.012503
-0.017810
0.014565
0.067893
0.018503
-0.061422
-0.065334
-0.072614
0.051513
0.045022
-0.022726
0.013375
-0.081185
0.022779
0.054676
0.034728
0.022533
0.050898
0.013651
-0.041213
-0.056129
0.047283
0.014108
-0.002031
0.069291
0.047707
0.001486
0.030660
0.003280
0.031636
0.044788
0.032383
0.017529
0.050437
0.038891
0.029650
0.006041
0.019821
0.025233
-0.029890
0.054086
-0.011910
-0.015451
-0.027940
-0.093702
-0.046372
0.106630
-0.017579
-0.052062
0.033535
0.102389
-0.040878
-0.110239
0.018872
0.003958
0.025134
-0.008932
0.172747
0.054226
-0.043550
0.062188
0.114777
-0.093487
0.126888
0.148968
0.015093
-0.019892
-0.046088
-0.060863
0.008446
-0.137023
0.079819
-0.092843
-0.110688
0.100873
0.017956
-0.013310
0.074014
-0.050251
0.077843
0.015788
0.009258
-0.044028
0.110626
0.011755
0.033137
-0.067422
-0.011718
-0.031598
0.113667
-0.004736
0.002319
0.003511
0.001287
0.002109
0.001268
0.001587
0.004874
0.001290
0.000214
-0.003497
-0.000880
-0.000777
-0.003718
0.000718
0.002254
-0.003095
0.003725
0.000778
-0.003453
0.000586
0.003534
0.000887
0.003648
-0.003607
-0.000486
0.000670
0.000261
-0.002257
-0.001483
0.001354
-0.001514
0.001110
0.001782
-0.000103
0.002979
0.001624
0.001237
0.002652
0.000924
-0.005408
-0.001341
-0.003001
0.002714
-0.005130
0.000248
-0.000432
0.000425
-0.000233
-0.000804
0.001735
0.001517
0.000775
-0.003240
-0.000131
0.000401
-0.002286
0.004446
-0.001868
0.000146
0.000143
0.000053
-0.001379
0.001223
0.002229
-0.000890
-0.000143
0.000202
0.000156
0.001035
-0.000171
-0.000989
-0.004222
-0.002351
-0.000091
-0.001253
0.001696
0.002047
-0.000850
0.000553
0.002305
-0.001772
0.000961
-0.000853
0.000259
-0.001537
0.000215
0.000309
0.001260
-0.000269
-0.000908
-0.001170
0.000273
-0.001966
0.000633
0.000427
-0.000127
-0.000711
-0.000101
-0.002017
-0.001529
0.003954
-0.008951
0.080105
0.025023
0.007534
-0.011051
0.012570
-0.042676
0.015943
-0.035406
-0.032283
-0.028655
-0.078816
-0.002862
-0.042450
-0.014847
-0.004783
-0.063440
-0.042769
0.060465
0.012265
0.031039
0.006374
0.065337
0.049616
0.021109
-0.044677
-0.051175
-0.074125
0.044463
0.003834
-0.040667
0.036992
-0.025281
0.040273
-0.013043
0.052226
-0.015982
-0.079139
-0.020145
0.058500
0.099913
-0.028167
-0.044514
0.002283
0.042949
-0.085135
-0.056247
0.062759
-0.112615
0.025189
-0.045087
0.043065
-0.020748
0.246941
-0.009756
0.197139
-0.042284
-0.092517
0.017166
0.103133
0.298235
0.061025
0.045102
-0.003892
0.060218
-0.059406
-0.177280
-0.155858
-0.026857
-0.038182
-0.117092
-0.058814
-0.093325
0.062608
-0.008048
-0.013115
-0.223219
0.048223
0.077955
0.053273
0.178280
0.178493
0.019586
-0.114260
0.029612
-0.165618
-0.072833
-0.158570
-0.046829
-0.174165
0.021570
0.064740
0.329400
0.301213
0.136802
0.047075
-0.089150
-0.146198
0.000423
-0.001845
-0.000683
-0.000811
0.000528
-0.002529
-0.000014
-0.001185
-0.001389
0.001079
0.000081
-0.000411
-0.002107
0.001001
-0.000383
-0.000029
-0.000498
-0.000435
-0.000659
0.001315
-0.000469
-0.000604
-0.000152
-0.000818
0.001759
-0.002025
-0.000355
0.001796
-0.001181
0.000732
0.000277
-0.000196
-0.000531
-0.000764
0.000769
-0.001319
-0.000385
-0.000751
0.001019
0.000455
0.000994
-0.000661
-0.000376
0.000352
0.000492
0.000347
-0.000106
0.000415
-0.003643
-0.000884
-0.001855
0.006424
-0.002428
0.001572
-0.001262
-0.004247
0.005352
-0.005275
-0.003194
0.003817
0.010030
-0.002199
-0.000011
0.009233
0.002212
-0.000618
0.000167
-0.000991
-0.002220
-0.003120
0.004463
-0.000751
-0.002237
0.000198
0.000424
0.000170
-0.000716
-0.004172
-0.001567
0.001914
-0.006705
0.003025
-0.002359
0.003748
0.004149
0.001602
-0.004726
0.001499
-0.002025
-0.003371
0.001678
0.002823
-0.001778
0.004945
0.005570
0.001002
-0.005546
0.002916
-0.004754
0.000764
0.004622
0.001348
-0.001051
-0.001531
-0.001545
0.001788
-0.001735
0.002548
-0.002067
0.001363
0.002649
0.000463
-0.001020
-0.000931
-0.000436
-0.001119
0.001454
-0.000727
0.000331
-0.000602
0.001146
-0.002144
-0.000584
-0.002154
-0.000961
-0.000944
0.001502
-0.002368
-0.000217
0.001137
0.001552
-0.001499
-0.000639
0.000041
-0.002532
-0.002644
-0.001766
-0.001525
0.001419
-0.001486
0.001588
-0.000968
-0.001671
-0.001886
0.000741
-0.000710
0.000392
-0.000617
-0.000791
-0.000279
-0.188403
-0.035403
0.201358
0.091834
-0.059545
0.037983
0.124797
0.152326
0.208795
0.038124
0.150046
-0.068036
0.182972
-0.033633
-0.071763
-0.219518
-0.017351
-0.124250
0.037115
0.106683
-0.008769
-0.294804
0.013437
0.069612
-0.177694
-0.166401
-0.158988
0.107096
0.001808
-0.030612
-0.002457
-0.025286
-0.048083
0.290973
-0.028308
0.036309
-0.037069
0.199019
0.009808
0.091051
0.114454
0.134719
0.043679
-0.067067
-0.044184
-0.008491
-0.155054
-0.095446
0.025193
-0.156261
-0.000308
0.001032
0.001168
-0.002035
-0.000037
0.001690
-0.000327
0.002691
0.001582
-0.000999
0.000035
-0.000726
-0.000579
-0.000813
-0.000868
0.000011
0.000262
0.000488
0.001121
-0.000851
0.000112
0.000268
-0.000955
0.000130
-0.001368
-0.000002
0.001049
-0.000477
-0.000567
-0.001306
0.001428
-0.000058
0.001336
0.000289
-0.000488
0.000568
-0.000654
0.000529
0.001391
0.000267
-0.000008
0.000576
-0.001499
0.000326
-0.001019
-0.000432
-0.000232
-0.001098
0.000558
0.000047
0.003431
0.001121
-0.002946
0.001066
0.000145
-0.000706
-0.000550
-0.002295
-0.002965
0.002951
0.003039
-0.000650
-0.002200
0.000955
0.001051
-0.000588
0.000602
-0.001318
-0.000622
-0.001302
0.000591
-0.001509
0.001725
-0.001115
0.000989
-0.003325
-0.002113
0.002840
-0.001568
0.002211
-0.000578
-0.003912
-0.001129
0.000901
-0.001843
-0.002128
-0.001899
-0.003625
0.000524
-0.002319
0.000874
-0.000100
-0.003781
0.000446
0.002905
0.000244
-0.000241
0.002076
-0.005088
-0.000039
-0.000048
0.002686
0.000424
-0.001614
0.000592
0.000924
-0.000116
0.003409
-0.001184
0.000157
-0.001782
-0.000107
0.000508
-0.001387
0.000413
0.000743
-0.001260
0.001041
0.001336
-0.001343
-0.000248
0.000077
-0.001549
-0.000392
-0.002555
-0.001260
0.001669
0.000946
-0.001532
-0.000378
0.002542
-0.001118
-0.001439
0.003320
-0.001838
-0.000725
-0.000394
0.000093
0.001809
-0.000956
-0.001319
-0.000207
-0.000580
0.000577
-0.001539
-0.000277
-0.000129
-0.000026
-0.000708
-0.001573
-0.001216
0.001141
0.000971
0.000717
-0.000949
0.000913
0.001540
0.000453
0.000033
0.000376
0.000581
0.000893
0.002574
-0.000152
0.001566
-0.000231
-0.000636
0.000195
0.000112
0.000439
0.000475
-0.000122
-0.000935
0.000546
-0.000033
0.002482
0.000332
0.001386
0.001333
-0.000793
-0.002703
0.001487
-0.000758
-0.000108
0.000135
0.002133
0.001016
-0.000900
-0.001723
0.000104
-0.001648
0.001114
0.000788
0.001106
0.000740
0.001120
0.000063
-0.000564
0.002023
0.000170
-0.139959
-0.073007
-0.088298
0.265302
-0.147461
-0.016367
-0.053160
0.062907
0.204767
-0.258737
-0.081727
-0.175388
-0.193355
-0.031117
-0.040701
-0.126962
-0.174256
0.092071
-0.057822
0.026175
0.015540
-0.155081
-0.156655
0.105033
-0.066184
0.213333
0.202351
0.017858
0.026682
0.100920
0.095755
-0.011516
-0.033861
0.172202
-0.123983
0.043253
-0.037984
-0.213004
-0.038134
0.037635
-0.066337
-0.131928
-0.101246
-0.042634
0.293448
0.133515
0.007264
-0.100714
-0.044258
0.068393
0.177319
-0.106781
-0.189295
-0.031676
-0.143586
-0.065656
-0.060137
0.105918
-0.009607
0.124010
-0.104915
0.081030
0.049689
-0.056596
-0.030850
-0.108401
0.120243
0.138097
-0.090574
-0.113882
-0.187690
0.017898
0.070517
-0.035035
0.170971
0.095522
-0.028048
-0.020838
-0.025651
0.093990
-0.098462
0.057525
-0.109863
0.017337
-0.013193
0.065683
-0.009814
-0.101496
0.150156
-0.043307
-0.112454
-0.012011
-0.263916
-0.049424
-0.107098
0.108161
-0.149061
-0.156728
0.003876
0.094779
-0.080493
-0.095703
-0.072386
-0.119923
0.038450
0.025290
-0.138056
-0.004775
-0.024737
0.130147
-0.080362
-0.044999
0.169203
-0.211506
0.151746
-0.019054
0.062718
0.244504
-0.103627
-0.158336
-0.172762
-0.022327
0.033856
-0.046644
-0.060647
-0.082591
-0.121072
0.080773
0.093222
-0.015234
0.015510
0.047260
-0.000806
-0.008689
0.008582
-0.064379
-0.006993
-0.000897
-0.043403
0.128186
0.116083
0.004877
0.019805
0.059727
0.072727
-0.009180
0.220932
0.133910
-0.045983
0.004879
-0.003116
0.004665
-0.003065
0.003544
0.004890
0.003933
-0.002966
0.005673
0.006178
0.001956
-0.009482
0.000896
0.000172
-0.010653
-0.009268
0.005418
0.000721
0.000474
-0.000292
-0.004782
-0.001234
0.001887
0.011753
0.001765
-0.011115
-0.009603
0.001153
-0.007717
-0.005445
0.002841
0.012960
-0.006767
0.002875
0.011981
-0.010413
-0.005727
-0.000990
-0.001579
0.004616
-0.004245
-0.001775
-0.002598
-0.003622
-0.001994
-0.007392
-0.004314
0.006385
0.002421
-0.002563
-0.002454
-0.001613
-0.003209
0.001500
0.000348
0.001098
0.000937
0.000445
-0.001636
0.000104
-0.001812
-0.002180
-0.000440
0.001241
-0.000455
-0.001125
-0.001212
-0.001246
0.000150
-0.000194
0.002045
-0.000647
0.000831
-0.001737
0.000491
0.002688
0.001985
0.001063
0.001613
0.002236
-0.001849
-0.001210
0.001847
0.000241
-0.001375
0.002753
0.001251
0.001291
0.001110
-0.000625
0.002138
-0.000699
-0.000225
0.003254
-0.000209
-0.000231
0.000306
0.001166
-0.000483
0.002092
0.000372
0.061007
0.070661
0.092047
-0.036347
0.027706
-0.022838
-0.004932
0.000846
0.017088
-0.021166
-0.022915
-0.003708
-0.059113
0.109985
0.050807
-0.098221
-0.097659
0.013254
0.066974
-0.040050
0.012144
-0.001746
-0.042029
-0.076915
0.063659
-0.032114
0.015865
0.009229
0.004180
0.028735
0.024952
-0.052872
0.025778
-0.061754
0.080395
-0.013685
0.037796
-0.026674
0.000735
0.031638
-0.111481
-0.107935
-0.065154
-0.130511
0.025890
0.030479
-0.022935
0.080942
0.025584
0.018643
0.010928
-0.009441
-0.033127
0.015915
-0.031497
0.009091
0.029530
0.015118
-0.006532
-0.017670
-0.023700
0.044700
0.029634
-0.031816
-0.010686
-0.001874
0.039069
0.026164
0.034296
-0.021550
-0.002686
-0.024038
0.018471
-0.012297
-0.007946
0.060806
-0.002692
-0.009459
0.049205
-0.007852
-0.032797
0.031386
-0.057458
0.010269
-0.036182
0.014063
-0.029265
-0.015918
-0.005817
0.009307
0.008222
0.031651
0.032006
-0.005310
-0.036985
0.017417
0.021247
-0.033279
0.052802
0.022411
-0.001064
0.003090
0.003475
0.000953
0.002630
0.005515
-0.000534
0.000600
0.002020
0.000056
0.004360
-0.003781
0.001961
-0.000698
0.002216
-0.001593
-0.000072
-0.001417
0.004507
-0.002633
-0.002300
-0.000231
0.003548
0.001391
0.000522
0.005327
-0.002533
-0.002339
0.001321
-0.000931
-0.000792
-0.003631
0.002166
0.000896
-0.005073
0.003949
0.000974
-0.000962
0.000574
0.002060
-0.003220
0.001290
-0.005072
0.002148
0.003354
-0.003504
-0.001695
0.000444
-0.001176
0.004265
-0.005344
-0.012624
0.000441
-0.004632
0.005382
0.002809
-0.009964
-0.005265
0.002225
-0.006166
-0.004062
-0.002882
-0.001936
0.005619
-0.002409
-0.009479
-0.004723
-0.011719
0.008927
0.004278
-0.009967
-0.002873
0.000755
-0.003514
0.009108
-0.002232
-0.007039
0.004397
0.001631
-0.003432
0.006177
-0.005107
0.001095
-0.002724
-0.005415
-0.006707
-0.000347
-0.003467
0.004224
0.003040
0.007345
-0.003129
0.002182
-0.007123
0.004461
-0.002427
0.003805
0.003361
-0.006583
-0.001096
0.000780
-0.002701
-0.002607
0.000953
-0.000803
-0.002753
0.001083
-0.003031
-0.000923
0.000413
-0.003707
0.002716
-0.000053
-0.001173
-0.002356
0.000185
-0.000965
0.000687
-0.001615
-0.000034
-0.000444
0.000395
-0.000201
-0.000166
0.001709
-0.001696
0.000063
0.002161
0.000516
-0.000809
-0.001659
0.002212
-0.003657
-0.000893
0.003634
-0.001376
-0.001590
0.001203
-0.000420
-0.001646
0.002806
-0.000886
0.005163
-0.000466
-0.001226
0.002637
0.001492
0.000475
-0.000352
-0.000839
-0.044457
0.266226
-0.053070
-0.006997
0.143564
-0.158286
-0.079190
-0.033107
0.101797
0.103514
-0.071697
-0.084389
0.103385
0.062203
0.168130
0.092377
-0.091074
0.086191
0.045589
0.212517
-0.027840
-0.190027
-0.002993
0.027920
0.071495
-0.034307
-0.143100
0.083859
-0.000064
0.042277
-0.105722
-0.181195
0.232625
0.105700
-0.133976
0.136963
0.030462
0.154485
0.019287
0.082395
0.040559
-0.009686
-0.055754
0.148909
0.033250
0.068058
-0.007743
-0.217146
0.008460
0.002452
-0.000230
-0.001547
0.001928
-0.001405
-0.001646
0.006107
-0.001437
0.000927
0.004942
-0.003610
-0.000470
-0.001756
0.002645
-0.002059
-0.003910
0.000358
0.003549
-0.002793
0.003378
0.001615
-0.000308
-0.001853
0.003372
0.001796
0.000027
0.003635
-0.000337
-0.002471
0.002426
-0.000016
0.000683
0.001527
0.005735
0.000501
-0.005848
0.002363
0.000578
-0.003268
-0.000780
0.003621
0.000975
0.003524
-0.003927
-0.000127
0.001818
-0.002784
0.002787
-0.002161
0.006186
0.002708
-0.003253
0.010902
-0.080476
-0.191415
0.038154
-0.142110
0.072643
0.039867
0.152747
-0.039561
0.102992
0.025913
-0.053752
-0.208703
0.001155
-0.242155
-0.047265
0.008285
0.110354
-0.233988
-0.055570
0.044630
-0.342765
-0.069221
0.060132
0.127682
0.189462
0.014943
-0.320221
-0.310864
0.023783
0.069666
0.197036
0.068379
0.020148
-0.225370
0.079041
0.121524
-0.031625
0.134965
-0.062769
0.034492
0.116907
-0.059387
0.105112
0.009862
0.000841
0.031747
0.143930
-0.112422
-0.013367
0.022831
-0.015752
-0.119882
-0.059520
0.091736
0.056982
-0.147485
0.025751
0.023488
-0.079666
0.150928
0.014311
-0.115575
-0.067641
-0.157100
-0.076078
0.154730
0.096697
-0.000680
-0.083026
-0.016241
-0.133131
0.119693
-0.112347
-0.064934
-0.139620
-0.062442
-0.091864
0.023254
-0.126821
-0.057370
-0.260552
0.107632
0.092234
0.038130
-0.020871
-0.048130
0.045165
0.182802
0.052775
0.175882
-0.006967
0.101767
0.187483
-0.288254
0.107087
0.000699
0.234987
-0.118780
-0.016771
0.159366
-0.251081
-0.257070
0.018582
-0.052733
0.054008
-0.176968
-0.112820
-0.100172
-0.037171
0.112400
0.161621
-0.206733
-0.017885
0.057721
0.121665
0.016259
-0.165246
0.012894
-0.021723
0.127696
-0.094180
0.174008
-0.059241
0.001559
0.163357
0.160523
0.021922
0.065295
-0.075574
0.066407
0.154113
0.198603
-0.125566
0.055473
0.175359
0.060225
-0.029011
0.252581
-0.121255
0.087105
0.333629
-0.137944
0.011692
-0.110897
0.083329
-0.050228
0.019871
-0.108388
0.114961
-0.005220
0.015752
0.021432
-0.104214
0.167173
0.043420
-0.082210
-0.131024
-0.014387
-0.158499
-0.047922
-0.011994
-0.191125
0.121168
-0.091589
-0.061241
0.038918
0.090478
-0.082903
0.048135
-0.047485
0.027404
-0.073612
0.075817
0.024130
-0.019561
0.025397
0.076062
-0.001591
0.083111
-0.049436
-0.280041
0.143777
0.079651
-0.155825
-0.042438
-0.071104
-0.068163
0.012617
-0.062083
-0.139630
-0.116081
-0.207350
0.027266
-0.009315
0.008046
0.084823
0.043220
-0.045713
0.079064
0.066590
0.007198
-0.136174
-0.173740
-0.009822
-0.100733
0.110958
0.178197
-0.033952
0.049187
-0.010175
0.129158
-0.100363
-0.103574
0.123942
-0.108785
-0.143607
-0.060347
-0.030894
0.061215
0.092382
0.065982
0.136878
-0.110831
-0.031359
-0.058603
-0.198539
-0.029339
-0.010048
-0.004298
0.088440
-0.077432
0.022165
-0.017592
0.048831
0.017008
0.054850
-0.057941
-0.043616
0.073841
-0.059269
0.047409
0.034742
0.142337
-0.176638
0.067957
-0.129090
0.071149
0.060284
-0.032442
0.036796
0.017698
0.073255
-0.018244
0.015477
-0.044574
0.033372
-0.099025
0.020324
-0.087474
-0.039020
-0.225724
-0.125456
0.118411
0.280691
0.057544
-0.152291
0.017526
0.136986
0.063604
0.026203
0.137130
0.130380
-0.165857
0.295826
0.093081
0.073447
0.310168
0.045282
-0.083024
0.045207
0.019039
-0.151430
0.101413
-0.050827
-0.064302
0.013822
0.031085
0.188643
0.053102
0.003004
0.019677
0.191821
0.056476
-0.076342
-0.072478
0.075063
-0.272317
0.008035
-0.000931
-0.001786
0.001287
0.000154
0.002212
0.002087
-0.000559
-0.001249
0.000476
-0.000169
0.001795
-0.001501
0.000297
-0.001967
-0.000513
-0.000912
-0.000006
-0.001973
0.002612
0.001174
-0.001540
-0.000054
0.003972
0.000344
0.000996
0.000699
-0.002407
0.001042
0.000169
-0.000538
0.000898
-0.001869
0.001929
-0.000099
-0.003424
0.000829
0.001294
-0.002821
0.000815
0.002141
-0.000628
0.000993
-0.003545
0.001924
0.001770
-0.002278
0.000556
-0.000125
-0.002383
0.000710
-0.026239
-0.001370
0.030977
-0.025971
-0.002162
-0.014563
-0.051147
-0.058405
0.035238
0.067298
0.008338
0.039252
-0.043911
0.072214
0.004326
-0.032821
-0.027669
0.090862
-0.039112
0.035735
-0.048324
-0.059245
-0.009843
-0.080860
-0.006780
0.009043
-0.019748
-0.091569
-0.017431
-0.013297
0.029403
-0.041763
0.054009
-0.040802
0.051353
-0.005698
-0.031514
-0.059707
0.025960
0.044843
-0.018257
0.018252
-0.029138
0.031722
0.031902
0.031294
-0.059062
0.031448
-0.052036
0.007832
0.036526
-0.020898
0.002353
-0.036301
0.029681
-0.043383
0.001770
0.004583
-0.010763
0.006201
-0.037703
0.007455
0.022270
-0.016935
0.017887
0.023404
-0.026290
0.013429
0.033134
0.037912
0.023254
-0.031972
0.020908
-0.007176
0.010895
0.021374
0.004860
-0.027103
0.028919
0.048977
0.009923
-0.051143
-0.000836
0.012658
0.010623
-0.001627
0.002628
-0.039909
0.004636
0.031452
-0.003221
-0.028431
0.014680
0.007830
0.029883
0.000779
-0.057767
-0.002497
0.005917
0.018796
0.000292
-0.002268
-0.004222
0.002801
0.000641
-0.004120
-0.000848
0.000706
0.000373
0.003069
-0.002201
0.003197
-0.001235
-0.010260
-0.004359
0.004910
0.000313
0.005246
-0.003266
0.001239
-0.000977
0.001623
0.004491
-0.001727
0.000391
-0.001805
-0.000112
0.001581
0.000033
0.001537
0.001258
-0.002840
-0.004783
-0.000001
0.001501
-0.002673
0.000834
-0.000559
0.001115
0.000132
-0.004614
-0.002136
0.003718
0.000594
-0.003247
-0.001363
0.003784
-0.001707
-0.007446
0.004368
0.020854
-0.029447
0.012540
-0.025545
0.012696
-0.017324
-0.002456
-0.023376
-0.035064
0.038846
0.011786
0.015597
-0.041004
-0.041239
-0.020936
0.033973
0.000666
0.020510
-0.028288
0.032409
-0.027837
-0.041122
0.049895
-0.042571
0.045144
-0.016919
-0.019858
-0.019536
-0.024852
0.008104
0.029057
0.000131
-0.020316
-0.006216
0.008959
-0.011051
0.015388
-0.038924
0.040515
0.065149
-0.005827
-0.038017
-0.007901
0.058102
0.020412
-0.053079
-0.034742
-0.016594
-0.067945
0.024692
0.000412
0.002072
-0.001026
0.001921
-0.000269
-0.004171
0.001297
-0.001120
-0.000737
0.003062
0.001217
-0.000189
-0.001494
0.002257
0.001438
0.001591
-0.000173
0.001335
-0.003145
-0.001947
0.002095
0.001009
0.001650
0.001126
-0.000870
-0.002478
-0.000709
0.000877
-0.002244
0.002124
-0.001488
0.000237
-0.000333
-0.000158
0.001730
-0.000555
-0.000588
0.000167
-0.000603
-0.002118
-0.000282
-0.000670
-0.001553
-0.000438
-0.000586
0.001148
-0.001886
0.002201
-0.001379
-0.001865
0.046469
-0.008849
0.081577
0.196517
0.138692
0.147141
-0.178684
0.057525
-0.070087
0.001945
0.216444
0.046962
-0.001557
-0.109802
-0.055581
-0.085492
-0.010338
0.123237
-0.015385
-0.040985
0.035470
0.127191
-0.041241
-0.167737
0.102408
-0.082116
0.031422
0.067577
-0.017388
0.027340
0.119338
-0.211532
0.029578
-0.041589
0.075285
-0.098720
0.097114
0.094931
-0.010297
0.075301
-0.117629
-0.003653
0.049171
0.136496
-0.018097
-0.085560
0.053077
-0.065517
-0.053379
0.099817
-0.001574
-0.001182
-0.000039
0.002663
-0.001093
-0.001023
0.001674
-0.002241
0.000790
0.000404
-0.001388
-0.000153
0.000753
-0.000321
-0.001261
0.001417
0.000792
0.000532
-0.002189
0.001765
0.000487
0.000224
0.000399
0.001522
0.001372
0.000544
0.000022
-0.000282
0.000274
0.001307
-0.002481
0.002012
0.001547
-0.000225
0.000483
0.001098
0.001427
-0.000397
-0.002123
0.001975
-0.000836
-0.000279
0.000328
0.000378
-0.000165
0.000186
0.002262
-0.000102
0.002038
0.001010
0.026560
0.018341
-0.080687
0.179634
0.039793
0.060133
0.048865
0.049980
-0.026935
0.049124
-0.105058
-0.186583
-0.049121
0.100144
0.169634
0.138636
0.003497
-0.086878
-0.290763
0.129145
-0.177994
-0.054377
0.039872
-0.093466
0.010777
0.039370
-0.134468
0.087191
0.136087
-0.034797
0.055509
0.026398
0.121072
0.018287
0.089945
-0.069308
-0.015285
-0.168035
0.254765
0.140487
-0.057133
0.030359
-0.004994
0.051047
-0.028023
-0.142031
0.031970
-0.036718
0.208485
-0.146517
-0.076538
-0.044038
0.019501
-0.007023
0.025050
0.031822
-0.006566
-0.023660
-0.011947
-0.069012
-0.044767
0.009419
0.042473
0.019203
0.004581
-0.064201
-0.044987
-0.073017
0.056648
0.042538
-0.040620
0.021358
-0.038966
0.022382
-0.015217
0.047702
-0.023749
0.038624
0.041480
-0.057479
0.003186
0.021582
0.003767
0.012331
0.001916
0.025477
0.001525
0.011515
-0.003681
-0.017868
0.015655
0.044312
0.038168
-0.019055
-0.000462
0.070148
0.052483
0.002580
0.019579
-0.031523
0.069235
-0.098199
-0.057342
-0.072044
0.083219
0.021848
0.043399
-0.017252
-0.196538
-0.009004
-0.075461
-0.015396
-0.022104
0.141142
0.074211
0.014061
0.091090
0.172844
0.137023
0.001935
-0.038062
0.067114
-0.000768
0.104468
0.054019
0.083657
0.069356
0.037664
-0.069069
-0.052199
-0.084985
-0.001256
-0.038195
0.160338
-0.171619
-0.032404
0.033285
-0.122038
0.145485
-0.105534
0.036153
0.056002
-0.019502
-0.120925
-0.054386
-0.150434
-0.127069
0.111955
-0.039207
0.121088
0.000465
0.001948
-0.001210
0.001131
-0.001233
-0.002908
-0.000533
0.001486
-0.000605
0.002581
0.001099
0.000756
-0.000932
0.004183
0.002883
0.000894
-0.000644
0.000712
-0.002380
-0.000403
-0.000456
-0.000007
-0.001847
0.000597
0.000207
0.000185
-0.000051
-0.001741
-0.001080
0.003246
-0.001586
0.000150
-0.000447
0.000096
0.001014
0.000089
-0.000611
0.000344
-0.000542
-0.001013
-0.000488
-0.001055
-0.000543
-0.001085
0.000134
-0.000217
-0.001474
0.001218
-0.000876
0.000355
-0.000798
-0.001905
-0.001428
0.001815
-0.002725
-0.001705
0.002239
-0.000348
-0.000065
-0.002593
-0.004751
-0.000115
-0.001867
0.000510
0.000365
0.000083
-0.000042
0.003368
-0.002252
-0.001979
0.003635
0.002471
-0.004616
0.002143
0.000761
-0.000740
0.001781
0.004521
0.000250
-0.002266
-0.004137
0.003349
-0.002036
-0.001720
0.006818
0.000504
-0.001325
0.005479
-0.001689
-0.002338
0.000933
0.000537
0.005463
-0.001672
-0.004460
0.006322
0.001191
0.000064
0.005521
-0.000935
-0.238494
-0.126098
-0.285886
-0.035604
0.256052
0.072482
0.143772
-0.009514
-0.078598
-0.077853
0.253627
0.187176
-0.144958
0.137845
0.129188
-0.016550
-0.106931
0.018587
-0.301475
-0.121495
0.278268
-0.146574
-0.118416
0.111164
-0.147214
-0.087169
0.117322
0.083539
-0.239788
-0.051877
-0.183061
0.184766
0.031281
0.095612
-0.109796
-0.010265
0.047257
-0.085419
-0.346983
-0.118257
0.098504
0.162320
-0.022144
0.028760
0.119590
0.027241
-0.089625
-0.208059
-0.073823
0.072435
-0.055356
0.035121
0.018278
-0.061306
0.037471
-0.023046
-0.050588
0.003346
-0.021746
-0.038692
-0.094382
-0.074744
0.045323
0.070439
0.097219
-0.021177
-0.006990
-0.035092
0.015510
0.026340
0.034267
-0.013384
-0.059023
-0.013210
0.029380
-0.015918
0.077403
0.043222
0.032238
-0.001945
0.067901
-0.039250
-0.013472
0.049201
0.026614
-0.019947
-0.000350
-0.005612
0.023939
-0.010891
-0.060155
-0.019638
0.030777
-0.106026
-0.017770
0.019814
-0.038033
0.016742
0.142104
-0.063389
-0.003091
0.030288
0.015886
-0.005167
-0.001150
0.017036
0.003903
0.027021
0.000142
-0.002691
0.005595
-0.010916
0.009723
0.008453
0.014111
0.000009
-0.000708
0.009484
0.008692
-0.017346
0.003991
0.006314
-0.015475
0.009361
-0.015428
0.012431
0.016066
-0.008174
-0.001792
-0.003166
-0.000511
0.000055
0.008831
0.012369
-0.007951
0.019100
-0.000587
0.012677
0.001767
-0.003110
-0.013695
0.004495
-0.012408
0.004130
-0.005005
-0.006570
-0.006378
0.000726
0.017845
-0.001550
-0.007396
-0.008654
-0.001940
0.005878
0.001215
-0.002072
0.002126
-0.009214
0.001831
-0.003199
-0.007331
0.003870
0.003477
-0.006940
-0.004847
-0.000619
-0.002671
-0.003763
-0.000562
0.006523
-0.003518
0.002683
0.005180
0.002054
0.001942
-0.002201
-0.006744
0.004699
0.000661
-0.003197
-0.000355
0.002670
-0.001049
-0.001359
-0.000333
-0.001295
0.005908
-0.002031
-0.003222
0.002119
-0.000124
0.001942
0.003702
0.000245
-0.000290
0.003192
0.008021
-0.000336
0.000017
-0.002983
0.278091
-0.053990
0.130139
-0.014211
0.091294
-0.034951
-0.023522
-0.068078
-0.112614
-0.173340
0.100831
0.231645
0.172618
0.010899
0.010276
-0.123521
-0.091866
0.038041
-0.109564
-0.063688
-0.107117
-0.093826
0.031657
-0.067446
0.042835
-0.087671
0.034723
-0.101735
0.126578
-0.139912
-0.064034
0.139713
-0.140271
0.136383
0.025319
0.008194
-0.000524
-0.088198
-0.076358
0.000961
0.262071
-0.211248
0.099941
0.028384
-0.046765
-0.115756
-0.038044
0.003033
0.211571
-0.050023
-0.000125
0.003240
0.001091
-0.000887
0.000677
-0.000306
0.002611
-0.001232
0.000304
0.001665
0.003287
-0.000325
0.000562
0.002115
0.002520
-0.000887
-0.000998
-0.001102
0.001693
-0.001743
0.000493
-0.001132
0.000055
0.000816
0.000888
0.000631
-0.001072
0.000700
-0.001430
-0.000665
-0.001766
0.000038
-0.000166
0.001330
-0.001432
0.001126
-0.000197
-0.001849
0.000524
-0.000061
0.000481
0.001089
-0.003502
0.002075
0.002878
0.000597
-0.002726
0.001404
-0.002013
-0.000839
-0.126961
0.054508
0.064463
-0.058840
0.118985
0.022746
-0.091762
0.085005
-0.128948
-0.111556
-0.084684
-0.140794
-0.058501
0.112623
-0.096273
0.073781
0.173608
0.339675
0.034264
-0.046183
0.086598
-0.044434
0.086714
-0.070211
0.091891
0.108604
0.031044
-0.156985
0.033421
-0.005767
-0.142784
-0.090915
-0.168983
0.017388
0.138116
-0.212844
0.088134
-0.078162
0.015778
-0.096957
-0.023750
0.118482
0.092664
-0.085056
-0.206334
-0.074589
0.168184
0.027941
-0.026196
0.241767
0.000139
0.001709
-0.003086
0.006388
-0.000868
0.000980
-0.004500
0.002675
0.006085
0.001744
-0.001179
0.000737
-0.000876
-0.001041
-0.002317
0.001437
0.003474
-0.000917
-0.005696
-0.004475
0.000045
-0.000430
0.007082
0.000671
-0.007273
-0.000461
-0.003109
-0.009559
0.001681
0.003656
0.002850
-0.003707
0.001169
-0.001538
-0.004203
-0.006131
-0.000067
-0.001341
-0.001307
-0.005534
-0.000661
-0.004254
0.002115
-0.008476
-0.004004
0.001484
0.003735
0.001753
-0.003510
0.000381
-0.006832
0.007208
-0.001048
0.025607
-0.001782
0.036014
-0.021189
0.048596
0.018446
-0.021294
-0.032167
-0.000471
0.017957
-0.031896
-0.012125
0.004869
0.023696
0.031038
0.008406
-0.015623
0.002201
0.023434
0.008349
0.008675
-0.027847
0.009861
0.021188
-0.002092
0.017632
-0.007797
0.018299
-0.021130
0.014944
0.007336
-0.020224
0.004542
0.005547
0.026494
-0.006866
-0.013327
-0.025692
-0.000365
0.023809
-0.030276
-0.041937
-0.002941
0.037766
-0.007600
0.044537
0.011493
-0.032935
0.060390
0.079418
-0.007226
-0.099625
-0.056906
0.244705
-0.014957
-0.274319
-0.087329
-0.073225
-0.028435
-0.053255
-0.102247
0.084195
0.045068
0.011396
-0.052564
0.142432
-0.146080
0.194439
-0.161518
0.078800
-0.003006
0.028145
0.196304
-0.035381
-0.297204
-0.037909
-0.228347
-0.181484
-0.042513
-0.119759
-0.016756
0.052606
0.089646
-0.272414
-0.088303
-0.087407
0.169592
0.060347
-0.067458
-0.073816
-0.157579
-0.065234
0.100442
-0.050221
-0.047319
-0.090682
0.001488
-0.000468
0.020757
-0.033501
0.064309
0.073731
-0.008245
0.005301
-0.039026
0.051331
0.033334
0.030724
-0.026566
0.002357
0.044648
0.010309
-0.041505
0.045409
0.081807
-0.087270
0.035270
0.045725
-0.039605
-0.098374
0.088684
-0.098929
-0.104469
0.050028
0.228211
0.126308
-0.070600
-0.167180
0.019174
0.131408
-0.029034
0.076319
-0.040109
0.067530
-0.032850
0.003274
-0.047104
-0.058117
0.024744
0.029895
-0.036734
0.001108
0.017732
-0.054076
0.067817
0.048891
-0.117805
0.000032
0.002142
-0.002766
0.003192
-0.002080
0.001338
0.004165
0.000317
-0.000337
-0.001568
-0.003305
0.001087
0.003593
-0.002314
-0.001822
0.000871
-0.000144
0.002740
-0.001812
-0.000874
0.002784
0.002597
-0.004593
0.001803
-0.003458
-0.000011
0.004592
-0.003624
0.001721
-0.001057
-0.003310
0.002662
-0.003075
0.003535
0.003744
0.000864
-0.002430
0.004940
-0.002967
-0.004432
0.000589
0.001843
0.005579
0.000386
-0.003147
0.003582
0.002546
0.000220
0.006578
0.000707
0.001191
-0.000839
0.002064
-0.002727
-0.000465
0.003497
-0.001382
0.003519
-0.000939
-0.000702
-0.001076
-0.001077
0.001251
-0.000438
-0.001522
0.000802
0.000398
-0.000952
0.001718
0.001954
-0.000834
-0.001555
-0.000383
0.000245
-0.000467
0.000685
0.002604
-0.000284
0.000354
0.000660
0.001448
0.000729
0.002327
0.001559
-0.003053
0.002006
-0.000294
-0.002206
0.001236
0.001841
-0.000516
0.000699
-0.003079
0.001561
0.000129
-0.002121
0.000479
-0.001589
0.001945
0.000319
0.045753
-0.076293
0.126033
0.240952
0.086410
-0.087969
0.040483
-0.155758
-0.059265
0.031081
0.229695
-0.057348
0.031881
-0.023407
-0.096501
-0.041118
-0.018897
-0.042915
-0.168181
-0.130350
-0.000619
-0.027941
-0.023537
-0.105328
0.102175
0.045362
0.033224
0.020380
-0.029323
-0.002284
-0.107362
-0.109049
-0.059129
0.019804
0.039682
0.053394
-0.169661
-0.170195
0.060778
-0.034811
-0.024257
0.009981
0.055216
0.065544
0.136769
-0.192451
-0.022552
0.175005
-0.017063
-0.079312
-0.003456
-0.000821
-0.000630
0.003708
0.000246
0.000900
0.002775
-0.004497
0.004646
-0.002544
-0.002682
0.001270
0.003838
-0.005528
-0.003961
0.000631
0.000842
-0.000529
0.000432
-0.000254
-0.000977
0.003542
0.004258
0.002551
-0.001291
0.000873
-0.002534
-0.000844
0.000941
-0.004026
-0.001163
0.001929
0.000200
0.000273
-0.001215
0.001575
0.001852
0.001841
-0.002932
-0.000782
0.000046
0.002094
0.001845
0.001070
-0.001625
0.000845
0.003213
-0.000267
0.002601
0.001042
0.011344
-0.012358
-0.004440
0.005508
-0.004647
-0.010546
-0.019575
0.002093
0.011164
0.004328
0.000683
-0.000329
-0.014464
-0.003990
-0.003266
0.006650
0.014071
0.013587
-0.026949
0.005048
-0.000003
0.003918
0.006421
-0.008791
0.006671
-0.006426
-0.005897
0.009666
0.004227
0.007191
0.003041
-0.013053
0.011699
-0.030270
0.016589
-0.012264
0.008065
0.002910
-0.006230
-0.000799
-0.009826
-0.014548
0.008648
-0.020609
-0.006001
0.006101
-0.000705
0.001883
-0.012267
0.007361
0.001057
-0.002897
-0.000749
-0.002064
-0.001620
-0.001947
-0.002282
-0.001248
-0.003633
0.001822
0.005540
0.000152
-0.005231
0.004679
0.002392
-0.002132
0.001334
-0.002336
-0.000109
0.001520
0.000379
-0.003340
0.000145
-0.002933
0.004844
-0.000854
-0.002310
0.002831
-0.000886
0.002188
-0.000389
-0.001429
0.000432
-0.003782
0.000027
-0.002037
-0.000667
-0.004111
0.001517
0.002307
0.003246
-0.001617
-0.003727
-0.000919
0.003545
-0.000958
-0.002186
0.000405
-0.005567
0.000695
0.000746
0.003720
-0.000296
-0.001774
0.000516
-0.000309
0.000775
0.002851
0.000455
-0.000029
0.000272
-0.001942
0.000459
-0.000004
0.000502
0.002271
-0.000392
0.001457
0.000346
-0.000442
0.001714
0.000079
-0.001909
0.000912
-0.000415
-0.000670
0.002886
-0.001697
-0.001324
0.001397
0.001219
-0.000739
-0.000134
0.003780
-0.000462
-0.000075
-0.000769
0.000885
0.001206
0.000379
-0.000304
0.001587
0.000160
0.001036
-0.000430
-0.000910
-0.000741
0.000366
0.000148
0.001268
-0.178643
-0.332771
0.167395
0.077197
0.093405
0.037833
-0.001620
-0.020303
-0.150300
-0.283287
0.032141
-0.151508
-0.046011
0.011295
0.180798
0.213601
0.009854
-0.091829
-0.201805
0.111251
0.071993
0.027397
0.169193
-0.039600
0.020654
-0.017741
-0.090455
-0.083477
0.265238
-0.103138
0.172141
0.098688
-0.054178
-0.087005
-0.058800
-0.160011
0.066091
0.246742
0.007898
0.003421
0.062262
-0.120767
-0.047505
-0.032950
-0.217798
-0.077723
0.080931
-0.008854
0.018498
0.130338
0.002271
-0.003900
-0.004299
0.002640
-0.001586
-0.003443
0.000770
-0.006101
0.001959
0.001019
-0.001801
0.002404
-0.001980
-0.002905
-0.006247
0.002384
0.001224
-0.000975
-0.005122
0.001692
0.000807
-0.000157
0.005024
0.000458
-0.000515
-0.004884
-0.001173
-0.005984
-0.001241
0.000907
0.000504
0.001826
-0.000318
-0.000439
0.001592
-0.003848
-0.000520
-0.000356
-0.000660
-0.001290
0.004033
-0.001172
0.000093
0.000008
-0.000833
0.000394
0.002016
0.000281
-0.003617
0.000920
0.004975
0.003974
0.003148
-0.007917
0.001950
0.008404
-0.008706
0.007939
0.005024
-0.000622
-0.000115
0.000181
-0.001229
-0.001746
-0.001361
-0.001486
0.002258
-0.000595
0.003479
-0.002220
-0.001191
-0.002880
0.002745
-0.003884
-0.003267
-0.001377
0.002978
-0.000194
-0.000348
-0.000484
0.011514
-0.006278
0.004678
-0.000872
-0.008607
-0.004217
0.000665
-0.003202
0.004703
0.000675
-0.001396
-0.002135
-0.006121
-0.004285
0.000211
-0.005877
-0.000864
-0.001878
-0.000036
-0.000954
0.001571
-0.000416
0.000760
-0.001266
0.000949
-0.001124
-0.000714
-0.000143
-0.002395
0.000645
0.001248
0.000776
-0.001015
0.002110
0.002460
-0.001733
-0.000790
-0.001119
0.001679
0.000185
-0.001073
-0.001905
-0.000595
-0.001428
0.002055
0.000301
-0.001691
0.002946
-0.000065
0.000570
-0.000149
-0.001306
-0.000222
-0.001520
0.000069
-0.000576
0.000098
-0.001859
0.000727
0.000938
0.000941
0.000173
-0.000387
-0.000634
0.002356
0.000356
-0.001454
0.000507
-0.001082
-0.001731
0.005102
-0.004085
0.000745
-0.003350
-0.001291
-0.002984
-0.004897
0.002036
-0.001282
0.000733
-0.003445
0.000046
-0.001187
-0.001499
0.000659
0.001069
-0.000541
0.002222
-0.002757
0.003770
-0.002666
-0.002000
-0.001515
-0.002811
0.002257
-0.001860
0.000411
0.002580
-0.000050
0.001783
0.003710
0.000282
-0.000937
-0.004462
0.002146
-0.001474
0.002527
-0.000612
0.000523
0.002588
-0.001414
-0.002156
0.000334
-0.002840
0.000225
-0.001910
-0.000993
-0.002292
-0.000412
-0.001008
0.036501
-0.008040
0.011486
0.008037
-0.003453
-0.025733
-0.027644
-0.005648
0.028088
0.014974
-0.011239
-0.008881
-0.016615
-0.015653
0.003670
0.023097
0.029928
0.038379
-0.057556
0.008000
0.009697
0.011068
0.035128
-0.014439
0.013741
-0.023117
-0.014117
0.001871
-0.005478
0.035084
0.025106
-0.024581
0.033841
-0.051252
0.013588
-0.023370
0.028173
0.012027
-0.025139
0.006027
-0.023215
-0.024948
0.002082
-0.042637
0.000170
-0.011678
-0.023710
0.009157
0.000922
0.008228
-0.003255
0.000678
0.002097
0.001173
0.002492
0.002366
-0.003800
0.001979
-0.000966
0.000290
0.000843
-0.001879
0.000109
0.003933
0.003262
-0.003143
-0.000791
-0.002815
0.002870
-0.001579
-0.003223
0.001075
0.002973
0.000972
-0.002022
0.001553
-0.004331
0.005569
-0.000691
-0.000800
0.000171
-0.002288
0.003393
-0.001612
-0.004004
0.001764
0.001919
-0.001100
0.000449
-0.000712
-0.002678
-0.000532
-0.003252
-0.003113
0.001206
-0.000195
-0.000056
0.001595
-0.000918
-0.002994
0.000466
-0.002064
-0.000186
0.000870
-0.001784
-0.000264
0.000430
-0.000211
0.002225
-0.001617
-0.003773
-0.000080
0.001106
-0.002836
-0.002506
0.001701
0.000999
0.001400
-0.000939
0.001207
0.000006
0.000900
0.000656
0.001546
0.001341
-0.000188
0.000318
0.001563
-0.000244
-0.000680
0.000103
0.003033
0.000386
-0.000259
0.000799
0.000348
0.000947
0.001313
-0.000929
0.001615
0.000598
0.000487
0.002073
-0.000788
-0.002056
0.000272
0.002384
-0.000648
0.003515
0.000401
0.043600
0.007094
-0.004591
0.000014
-0.002328
-0.001918
-0.032853
0.021650
-0.004516
0.003834
-0.012410
-0.004722
-0.010553
0.002367
0.015095
0.001306
0.027097
0.013724
-0.009444
-0.019868
0.000760
-0.010927
0.018380
-0.009677
-0.010557
-0.012879
0.007256
0.006287
0.001819
0.010601
0.021374
-0.014827
0.006201
-0.008878
-0.012668
-0.019566
0.003552
0.004923
0.003476
-0.021187
0.000739
-0.020384
0.003938
-0.047546
-0.012534
-0.004727
-0.008500
0.007108
0.016351
-0.011109
0.001292
0.000463
0.001819
0.000888
-0.000469
0.002571
-0.002302
0.000598
0.001215
0.001072
0.001777
-0.000670
0.000383
-0.000464
0.000018
0.000098
0.001917
-0.000654
-0.001532
-0.000784
-0.000787
-0.000402
0.003242
-0.000227
-0.000301
0.001361
-0.000905
-0.003566
0.000529
0.001360
0.001508
-0.002115
0.002799
-0.001865
-0.003269
0.000401
0.001561
-0.001271
-0.001138
0.000608
-0.002049
-0.002273
-0.003240
-0.000938
0.001159
-0.002611
0.000146
-0.000822
-0.000011
0.001615
0.246973
0.232088
0.141256
-0.253096
0.100355
0.175999
0.134895
0.022568
-0.071907
-0.046311
0.046409
0.002056
0.082768
-0.016512
-0.037084
-0.038962
-0.009746
0.093053
0.030226
0.345143
0.453581
-0.038201
0.080014
-0.226542
-0.053164
-0.067724
-0.018145
0.295111
0.034092
0.096894
-0.205314
-0.042171
-0.076191
-0.180781
-0.234457
0.151756
-0.057005
0.191806
-0.066900
0.106263
0.065179
-0.136411
0.217686
-0.051342
-0.080939
0.030733
0.132758
0.115004
-0.311832
0.196752
-0.004350
-0.002959
0.000733
0.004071
0.003305
-0.002085
0.003086
0.002088
0.002821
0.001950
-0.004148
0.000057
-0.001255
-0.004862
-0.000921
0.000977
-0.009875
0.001031
0.000885
-0.001803
0.000390
0.002279
-0.001002
0.002330
-0.001494
-0.004080
-0.002739
0.002926
-0.000293
0.000476
-0.001708
-0.002029
-0.009319
0.003253
0.002981
-0.000761
-0.000037
0.003449
0.001986
-0.003116
-0.000794
-0.000252
0.008172
0.000316
-0.005228
0.002755
0.002215
0.000159
-0.005612
0.001907
-0.001810
-0.000227
0.000447
0.000969
0.000963
-0.001525
0.001231
0.000135
-0.000204
0.000605
-0.001494
-0.000411
-0.000581
-0.001315
-0.000531
0.001317
-0.001859
0.000687
-0.000729
-0.000313
0.000088
0.001023
0.000113
0.001227
-0.000206
-0.000895
0.000092
0.000309
-0.001328
0.000004
0.000214
0.000741
-0.000444
0.001047
0.000416
0.000282
0.000716
0.000206
0.001071
0.000878
-0.000842
-0.000894
0.000460
0.001391
-0.001984
-0.000313
0.000162
0.000101
-0.001734
-0.000767
-0.197885
-0.160841
-0.102240
-0.004234
-0.174547
0.093416
-0.035473
0.044105
0.045997
0.028172
0.169086
-0.005239
-0.038623
0.137945
0.174714
0.116015
0.106347
0.070089
-0.054018
-0.059349
0.145309
0.062206
0.174691
0.015602
-0.124166
-0.057299
-0.059597
0.016416
-0.047102
0.034565
0.136809
0.030277
-0.176293
0.174026
-0.080710
0.041778
0.176480
-0.107646
0.083045
0.071035
0.227462
0.074304
-0.059183
0.130608
-0.101375
-0.067941
0.038653
-0.017386
-0.122916
-0.020010
0.019615
-0.050201
0.067993
0.037372
0.257129
-0.011430
-0.059864
-0.140008
-0.035591
-0.008956
0.070810
-0.059742
0.137001
0.042069
0.059911
-0.063153
-0.096932
-0.062733
-0.031876
0.168135
-0.054301
0.056438
-0.005182
-0.062979
0.027881
0.025964
0.012527
0.119513
0.065613
0.067379
0.041673
-0.012622
-0.090215
0.045603
-0.050910
0.053149
0.061650
-0.001473
-0.132810
0.010759
-0.070773
0.112518
0.040848
-0.020635
0.116449
-0.101735
-0.097798
0.009162
-0.159455
0.059681
0.007275
0.014702
0.011487
-0.014236
-0.011739
0.009221
-0.001003
0.016231
-0.007007
-0.012954
0.024169
-0.022625
0.002979
0.032707
0.022430
-0.010522
0.009195
-0.001375
0.018021
-0.003515
0.011815
0.001157
-0.026732
0.000404
0.017037
0.031149
0.013660
0.007115
0.008342
0.003374
-0.021023
0.005805
0.011473
-0.000720
0.004755
0.018072
-0.009970
0.014125
-0.012183
0.007301
0.002003
0.015137
0.002158
-0.006622
0.014118
0.000208
-0.013233
0.004327
0.028767
0.007550
-0.016600
0.001754
0.002276
-0.003534
-0.015270
0.023741
-0.022605
0.009505
0.015893
-0.012427
-0.006240
0.001088
-0.015560
0.007132
-0.020255
-0.015820
-0.001207
-0.004375
0.011564
-0.017241
0.000134
0.005025
-0.017943
0.003670
-0.001875
-0.011291
0.006160
-0.003051
-0.011785
-0.014697
0.008186
0.004604
0.010531
-0.007307
0.003768
-0.015917
0.004351
-0.006260
0.011437
0.000182
0.011320
-0.017679
-0.023864
-0.016633
-0.007489
0.006116
0.023639
0.008383
0.000316
-0.005376
-0.204732
-0.167655
0.056174
-0.109781
0.047802
0.064293
-0.044995
-0.203199
0.072959
-0.224300
-0.100215
-0.151099
0.204400
0.007614
0.197918
-0.047080
-0.165108
-0.127427
0.023347
0.135112
0.083860
-0.085388
-0.018537
-0.080793
-0.062712
0.137341
-0.072839
-0.185107
-0.074898
0.116707
0.044460
-0.219436
-0.114990
0.162455
0.114024
-0.241919
-0.056370
0.145291
0.040327
0.132188
-0.110084
-0.107752
0.004953
-0.070097
0.190872
0.168725
0.090626
0.106159
-0.023075
0.003525
-0.108490
-0.005521
-0.041417
0.012895
-0.059644
-0.184247
0.091705
0.294583
0.184686
-0.089021
-0.000370
0.154440
-0.039923
0.030965
-0.089967
-0.009920
0.016777
0.065111
0.249742
-0.075568
-0.167218
0.024019
-0.044776
-0.057353
0.062754
0.026633
0.006437
-0.155094
0.009365
-0.045629
-0.082540
-0.105752
0.118300
-0.141311
0.134302
0.150564
-0.147278
0.057840
0.079787
0.040932
0.093809
-0.031344
0.025225
-0.044178
-0.048916
-0.014088
0.096509
0.070222
0.041950
-0.004972
-0.178263
0.015950
-0.190752
-0.100336
0.021831
0.127511
0.187330
-0.074443
0.165758
0.116083
-0.073491
-0.035726
0.098523
-0.029399
0.189447
0.008123
-0.108282
0.062861
-0.028050
-0.001421
-0.069331
-0.069418
-0.193130
0.025042
0.110322
-0.129408
0.016776
-0.080826
0.058349
0.033514
0.064233
-0.077997
0.140254
-0.039664
-0.048075
0.047427
-0.125191
-0.041903
0.182152
0.193593
0.179652
0.043908
0.098653
-0.063024
0.028195
-0.016308
-0.165473
-0.211516
-0.120205
-0.052189
0.004145
0.016245
0.037714
-0.032107
-0.011648
0.025459
-0.027534
0.046865
0.024423
0.012793
0.035479
-0.001204
-0.011110
0.009806
-0.010036
0.002536
0.007226
-0.014405
0.013707
-0.003181
-0.011134
-0.012180
0.008833
-0.003317
-0.011590
0.000285
-0.015099
-0.014208
-0.022596
0.011525
0.016615
-0.005074
0.046694
-0.026643
-0.038525
0.012818
0.015475
-0.019711
0.016128
0.039296
-0.013251
-0.032258
-0.054360
0.002779
0.020429
-0.045882
-0.021406
-0.016793
-0.005044
0.002736
0.003385
-0.000272
0.001612
-0.001106
-0.000022
0.000258
-0.001232
0.000241
-0.002149
0.000644
0.002975
-0.000220
0.000017
0.000961
0.001281
-0.000394
0.001372
-0.001866
0.000884
0.000844
-0.000130
-0.002002
0.001468
-0.001600
0.001556
0.001533
-0.000828
0.001635
0.000710
0.001174
-0.000166
-0.000828
0.001803
-0.002038
-0.002096
0.000363
0.000070
-0.002971
0.000053
0.001634
0.000197
0.000939
-0.002406
-0.000403
0.002200
-0.001779
-0.000557
-0.000931
0.001227
-0.000623
0.002509
-0.003746
-0.000408
-0.002577
0.001077
-0.001774
-0.004889
-0.000799
-0.001576
0.001131
0.001121
-0.001475
-0.001803
0.002062
0.000746
-0.000441
0.001304
-0.002431
0.001276
0.003286
-0.003737
-0.003801
0.002807
-0.003096
0.003831
-0.000136
-0.003269
0.002597
0.000527
0.002195
0.002625
-0.001924
0.001152
-0.002187
-0.001983
-0.002088
0.000569
-0.004438
0.002129
0.003538
0.000757
-0.001092
-0.000671
-0.002476
0.004103
-0.003199
-0.001190
-0.000209
-0.004730
0.000347
0.002557
0.011925
0.027317
-0.020422
-0.002329
0.019786
-0.001837
0.025796
-0.004566
-0.012622
0.012442
-0.015210
0.003828
0.014981
0.025610
-0.011155
-0.004009
0.001706
0.014515
0.000660
0.001432
0.001517
-0.032545
0.004661
0.008011
0.035208
0.015784
0.008656
0.011367
-0.014092
-0.014043
0.009942
0.013934
-0.012246
0.009739
0.027230
0.008034
0.009412
0.002194
0.012438
-0.011901
0.008362
0.000462
0.001017
0.008349
0.001151
-0.009187
-0.008891
0.018581
0.004007
-0.027359
0.006169
-0.233580
0.158108
0.065794
-0.117073
0.030896
-0.011309
-0.065029
0.077180
-0.076287
0.100394
-0.066877
-0.148324
-0.031066
0.132247
0.088292
0.026985
0.190748
0.054402
0.123038
0.262602
-0.112747
-0.084863
-0.124280
-0.186859
-0.002128
0.038140
0.216156
-0.188629
-0.002434
0.010419
0.140121
0.023687
-0.064939
-0.042741
0.050636
-0.062907
-0.102412
0.065612
0.261294
-0.073653
-0.116494
-0.276916
-0.037069
0.297586
-0.202630
-0.033295
0.037541
-0.004536
0.000840
0.004077
-0.028675
-0.004933
-0.022068
0.016069
0.013571
-0.015019
0.010807
0.015713
0.017524
0.031054
0.020028
0.015132
-0.031955
-0.010235
0.007924
-0.005527
-0.060198
0.045520
-0.012873
-0.001835
-0.003176
-0.012135
-0.004621
0.019244
-0.000722
-0.062622
-0.009706
0.027421
-0.012505
0.029588
0.009181
0.006915
-0.016168
0.001642
-0.024723
-0.001139
-0.034712
-0.011482
0.005082
0.077075
0.023837
0.017189
0.034464
0.036081
0.013712
0.013726
-0.052371
0.036213
0.000277
0.004787
0.004005
-0.002724
-0.001073
0.005541
0.000043
0.006788
-0.000794
-0.000003
0.003825
-0.001600
0.000694
0.000997
0.003238
-0.000811
-0.000008
0.001528
0.001908
-0.002160
0.002457
-0.001117
-0.004213
0.000070
-0.001935
0.005744
0.003306
-0.001600
0.002178
-0.001126
-0.001588
-0.000297
0.000776
-0.000703
-0.000042
0.003932
-0.000200
-0.000546
0.001530
0.001098
-0.003186
0.001466
-0.002056
0.001286
0.000341
-0.000638
-0.002337
-0.002371
0.002968
0.001539
0.102792
-0.137334
0.030174
-0.092902
-0.119925
-0.182902
-0.052619
0.041873
0.154166
0.030019
0.002062
-0.093596
0.056450
-0.136723
-0.182468
0.173649
0.030355
-0.028675
-0.007331
-0.101996
0.095618
-0.152042
0.058238
0.151328
-0.237407
0.049848
0.074477
-0.000982
-0.087625
0.276426
-0.261632
0.327033
0.010561
-0.086451
-0.010052
-0.067595
0.149057
0.103633
-0.014899
-0.194642
-0.095066
0.059907
-0.142483
0.094285
-0.045867
0.044431
0.030142
0.076613
-0.003560
-0.114795
0.056168
0.003138
0.035170
-0.080030
-0.003234
0.034567
-0.020786
0.029499
-0.042456
-0.037562
0.010491
-0.002095
0.024083
-0.013442
0.021265
-0.004190
-0.000962
-0.020170
0.043963
0.000298
0.016441
0.003621
-0.033066
-0.007352
0.001725
0.047746
0.076621
-0.005357
0.023636
-0.015900
0.011280
0.003803
0.003310
0.012846
-0.009572
0.011961
0.004784
0.036160
0.008128
0.007966
0.012117
-0.002071
-0.014404
0.006227
0.008287
-0.035561
-0.007840
-0.023006
0.087840
-0.014552
-0.009654
0.014867
0.000761
0.001931
0.010182
-0.015933
0.010136
-0.011416
-0.002174
0.015538
0.012016
-0.003791
-0.009028
0.021579
0.007743
0.000549
-0.006897
-0.002539
-0.006119
-0.000808
0.001052
-0.005700
0.006489
0.002780
-0.001741
-0.019672
-0.007717
0.001401
-0.018555
0.008828
0.006583
-0.001037
0.013382
0.012956
0.003894
-0.001571
-0.006267
-0.017607
0.008314
-0.002867
0.003680
0.004579
-0.023265
0.009686
0.014502
-0.001696
-0.012635
0.018593
-0.022229
-0.018193
-0.012056
0.187879
-0.001426
0.119692
-0.275176
-0.145063
-0.072715
-0.092127
-0.073007
0.100764
0.012098
0.060904
-0.042428
-0.268176
-0.060676
0.040073
0.015321
-0.168213
0.233232
0.150903
-0.082375
0.034514
-0.256193
-0.105548
0.112432
0.156614
-0.025222
-0.009878
-0.100319
0.288218
0.207061
-0.041152
0.138400
-0.077964
-0.175483
-0.176057
-0.179660
0.078333
0.272669
-0.094582
-0.098050
-0.041238
0.140855
-0.152593
-0.039955
-0.060066
0.018122
0.010881
-0.169739
0.116364
-0.000309
-0.008600
-0.005168
-0.001323
-0.005806
0.002699
-0.000130
-0.001587
-0.002503
-0.003359
-0.002365
0.010320
-0.002031
-0.004415
-0.011313
0.000869
0.000050
0.001599
-0.007069
0.004406
0.001219
0.002037
-0.002109
-0.001962
-0.003474
-0.001006
0.004701
0.000292
0.004173
-0.001984
-0.003903
0.007443
-0.003059
-0.005798
0.010300
-0.001003
-0.003520
0.005205
-0.001464
-0.002526
0.004407
0.001961
0.006046
0.005317
-0.005141
0.004994
0.006762
-0.004808
0.001520
0.001343
-0.000289
0.004878
0.001290
-0.001574
-0.000281
0.002775
-0.000631
0.006536
0.002547
-0.001370
-0.003636
-0.002323
0.000305
-0.003451
0.000519
0.002351
-0.000697
0.001869
0.000792
-0.002105
0.000779
0.001411
-0.002007
0.002110
-0.004033
-0.001529
0.002610
0.000839
-0.002684
-0.000551
0.003062
-0.000111
0.002230
0.003731
-0.002626
0.000538
0.001853
0.002277
0.001607
-0.000684
-0.003936
0.000240
-0.001790
-0.000032
-0.003372
0.000062
0.001187
-0.000421
0.002397
-0.001468
0.040428
-0.135215
0.017523
-0.125154
0.014552
-0.118852
-0.055277
-0.081644
0.075928
-0.049916
-0.094124
-0.148706
0.026817
0.047372
-0.018306
0.079150
-0.048581
-0.163177
0.043765
0.009914
-0.142169
0.076995
-0.130819
0.112693
0.113539
-0.035910
0.024532
0.150282
-0.055800
-0.019830
-0.089655
0.036124
-0.079780
-0.010729
-0.102762
0.176183
-0.004834
-0.001586
0.063399
0.003282
-0.090023
-0.115186
-0.090079
-0.048373
-0.059181
-0.023156
-0.035979
-0.047266
-0.044462
0.027472
-0.002102
-0.002964
-0.001362
0.000795
0.001993
-0.001307
0.001802
-0.003379
0.000301
-0.000468
-0.002495
0.001739
-0.000276
-0.003309
-0.002329
-0.001303
-0.001683
-0.001441
0.001396
0.000336
-0.001308
0.001006
0.001015
0.000069
0.000343
-0.003068
-0.002471
0.003130
-0.001424
-0.002315
0.000841
-0.000364
-0.002127
0.000902
-0.000228
-0.002149
-0.000352
-0.000998
0.001017
-0.001389
0.002484
0.000453
0.001104
-0.000211
-0.000697
0.002424
0.002174
0.000300
-0.002176
-0.002617
0.058696
-0.112219
0.037275
-0.031189
-0.075681
0.138958
-0.178290
-0.101753
0.076696
0.074456
-0.055447
-0.095750
0.058585
0.027101
0.045405
0.018828
0.058224
-0.020807
-0.181180
-0.153753
-0.007848
0.040447
-0.013542
-0.070879
0.188894
-0.019352
0.218535
-0.023898
0.057563
-0.045441
0.105243
-0.123195
-0.016817
-0.139155
-0.136405
-0.058977
0.029254
0.060388
-0.079042
-0.215489
0.018599
-0.018713
0.006084
0.014268
-0.082095
-0.044635
-0.106570
-0.105441
0.038525
0.224440
-0.001376
-0.002833
-0.002117
-0.000928
0.000295
-0.001112
-0.002466
0.000238
-0.000049
0.000532
0.000733
0.002984
-0.000797
-0.000578
-0.001071
-0.000185
0.000264
-0.001075
0.001906
0.001896
-0.002488
-0.001361
0.004418
-0.002181
0.000781
-0.001101
-0.002411
0.000419
0.000315
0.001107
0.002229
-0.002136
0.000265
-0.000961
-0.002504
-0.002021
-0.000134
-0.002765
0.001486
0.001515
0.001733
0.000530
-0.001189
0.001373
0.000842
-0.001397
0.001180
-0.000678
-0.004554
-0.000406
0.004125
-0.005884
-0.003723
-0.003026
-0.001394
-0.000514
-0.003831
-0.000393
-0.003573
0.000538
-0.002666
0.002082
-0.003091
0.001971
-0.003531
-0.001953
0.000682
-0.001127
-0.002519
0.004035
-0.000253
-0.002313
-0.003367
-0.003802
0.001443
-0.004958
0.003273
0.002714
0.001724
0.001030
0.001675
-0.000396
-0.001253
-0.003568
0.003125
-0.004781
-0.003012
-0.000713
0.001304
-0.002524
0.004065
-0.002310
0.003134
-0.003011
-0.000177
0.002154
0.002033
-0.000927
-0.001603
-0.001007
-0.000001
0.001991
-0.000526
-0.000446
-0.000957
-0.000309
0.000568
0.002481
-0.002168
-0.000133
0.001017
0.000197
0.000279
0.002383
0.003036
-0.000461
-0.000602
0.001786
0.001096
-0.000925
0.000551
-0.000165
-0.005833
-0.000914
0.000608
0.001898
0.002334
0.001843
0.001310
-0.000461
-0.002264
0.000384
-0.002856
0.000547
0.002837
0.001145
-0.001644
0.001515
-0.000260
-0.001308
-0.000982
0.000096
0.003136
0.000292
-0.000559
0.001171
-0.001113
0.000067
0.001188
0.001052
0.067538
-0.058060
0.052937
-0.150242
0.051383
-0.118702
-0.061163
0.022197
0.045850
-0.128591
-0.129197
-0.104487
0.057340
0.106348
0.170911
0.047121
0.020044
0.148850
0.111671
0.094041
-0.024496
0.127370
0.004513
0.255519
0.096195
-0.032782
-0.143653
0.006552
-0.021257
0.071483
0.092658
0.021162
-0.082142
0.081347
0.123640
0.102662
-0.041357
0.116082
0.019997
-0.098690
0.091698
0.257799
0.048960
-0.182846
0.179104
0.105950
-0.003850
0.054718
0.134181
-0.020567
-0.003308
0.005562
-0.002767
-0.001171
-0.004449
-0.008199
0.010863
-0.008291
-0.002875
0.003907
0.007526
0.005592
0.001393
0.006578
0.007554
0.001417
-0.001777
-0.000239
0.002660
-0.003078
0.003031
-0.001368
-0.004957
-0.002177
0.002860
0.009574
-0.002250
-0.004448
0.000654
-0.001169
-0.010576
0.002252
-0.012714
0.001211
0.002676
0.002773
-0.004468
0.002483
-0.003244
-0.001350
0.004108
0.001107
0.008588
0.006561
0.004525
0.003396
-0.008969
0.001646
-0.004808
0.004513
0.001098
-0.001022
0.001570
-0.000985
-0.000317
0.002351
0.001673
-0.001548
-0.000691
-0.001247
0.001942
-0.002102
0.000482
0.001140
0.000223
-0.001734
0.001159
-0.001530
0.000836
0.001444
0.001457
-0.001704
-0.002254
0.000234
0.002013
0.001928
0.001345
0.000529
0.001617
-0.000620
-0.002097
0.000603
0.001826
-0.000259
0.000240
0.001531
-0.000564
-0.001593
-0.000563
0.001595
0.001200
0.001798
-0.001970
0.000376
0.002552
0.000367
-0.000076
-0.000357
0.002367
0.001152
-0.014342
0.006232
0.013278
0.039148
-0.031199
0.060962
-0.031909
0.027584
0.053858
-0.038562
-0.002198
-0.064861
-0.036022
-0.012374
-0.065801
-0.013173
0.024245
-0.020200
0.020804
-0.050958
0.011315
0.006594
-0.009618
0.072860
-0.080431
-0.054567
-0.003301
-0.080203
-0.037627
-0.009279
0.057753
-0.004919
0.064395
-0.009297
-0.084209
-0.047410
-0.021791
-0.011328
0.010410
0.013785
-0.011777
-0.068989
-0.076623
-0.037356
-0.059153
-0.024322
0.034919
0.000936
-0.007187
-0.005844
